1.00000E+00	-1.87557E+04	-1.01240E+04
1.00000E+00	-3.24175E+04	-2.46599E+04
1.00000E+00	-3.71652E+04	-2.81779E+04
1.00000E+00	-3.22119E+04	-2.24136E+04
1.00000E+00	-1.77456E+04	-8.58261E+03
1.00000E+00	-7.66413E+03	1.46249E+02
1.00000E+00	-1.84597E+04	-9.92064E+03
1.00000E+00	-2.31941E+04	-1.42490E+04
1.00000E+00	-2.19642E+04	-1.28370E+04
1.00000E+00	-1.46729E+04	-5.68422E+03
1.00000E+00	3.41881E+03	1.33647E+04
1.00000E+00	-5.80548E+03	4.10479E+03
1.00000E+00	-1.12737E+04	-1.55516E+03
1.00000E+00	-1.30830E+04	-3.61511E+03
1.00000E+00	-1.11362E+04	-2.07506E+03
1.00000E+00	-1.13836E+03	7.12697E+03
1.00000E+00	-2.33474E+03	7.87417E+03
1.00000E+00	-2.58543E+03	8.97765E+03
1.00000E+00	-2.76124E+03	8.48616E+03
1.00000E+00	-6.34001E+03	3.81961E+03
1.00000E+00	8.31116E+03	1.87830E+04
1.00000E+00	4.26084E+03	1.54884E+04
1.00000E+00	-5.08681E+02	1.10588E+04
1.00000E+00	-4.08483E+03	7.62048E+03
1.00000E+00	-6.61188E+03	3.66988E+03
1.00000E+00	1.08814E+04	2.10758E+04
1.00000E+00	1.20803E+04	2.24725E+04
1.00000E+00	1.11386E+04	2.12208E+04
1.00000E+00	8.08565E+03	1.74472E+04
1.00000E+00	3.14510E+03	1.12764E+04
1.00000E+00	-9.46101E+03	-4.55179E+02
1.00000E+00	-1.14904E+04	-7.20681E+02
1.00000E+00	-1.25160E+04	-6.18488E+02
1.00000E+00	-1.37520E+04	-3.34595E+03
1.00000E+00	-2.10136E+04	-1.13529E+04
1.00000E+00	-2.48801E+04	-1.38425E+04
1.00000E+00	-2.78559E+04	-1.62442E+04
1.00000E+00	-2.63664E+04	-1.64385E+04
1.00000E+00	-3.20151E+04	-2.12065E+04
1.00000E+00	-2.54477E+04	-1.55675E+04
1.00000E+00	3.24504E+03	1.39955E+04
1.00000E+00	-8.81348E+02	1.05761E+04
1.00000E+00	-7.53325E+03	4.22102E+03
1.00000E+00	-1.30387E+04	-1.83240E+03
1.00000E+00	-6.56102E+03	4.09216E+03
1.00000E+00	-1.42620E+04	-3.01663E+03
1.00000E+00	-2.45945E+04	-1.32016E+04
1.00000E+00	-1.48093E+04	-4.42471E+03
1.00000E+00	-2.69736E+04	-1.61830E+04
1.00000E+00	-1.93871E+04	-9.37593E+03
1.00000E+00	3.99985E+03	1.44919E+04
1.00000E+00	4.04063E+03	1.47045E+04
1.00000E+00	1.99732E+03	1.23005E+04
1.00000E+00	-2.06970E+03	7.40610E+03
1.00000E+00	-6.39849E+03	4.03203E+03
1.00000E+00	-8.62282E+03	1.89233E+03
1.00000E+00	-1.27763E+04	-2.80069E+03
1.00000E+00	-1.30052E+04	-2.81728E+03
1.00000E+00	-1.73820E+04	-7.28817E+03
1.00000E+00	-1.58867E+04	-6.05603E+03
1.00000E+00	8.95163E+03	1.99834E+04
1.00000E+00	9.20361E+03	2.04246E+04
1.00000E+00	7.49646E+03	1.83674E+04
1.00000E+00	3.88959E+03	1.39335E+04
1.00000E+00	4.25290E+03	1.60687E+04
1.00000E+00	3.47969E+03	1.55006E+04
1.00000E+00	1.15206E+03	1.27339E+04
1.00000E+00	-5.84240E+02	1.16214E+04
1.00000E+00	-1.17995E+03	1.12467E+04
1.00000E+00	-3.62574E+03	8.72061E+03
