1.00000E+00	-9.69865E+03	-6.01413E+02
1.00000E+00	-8.38728E+03	4.56452E+02
1.00000E+00	-7.40819E+03	2.87213E+03
1.00000E+00	-8.18164E+03	2.70271E+03
1.00000E+00	-8.68846E+03	9.39964E+02
1.00000E+00	-1.41603E+03	6.60465E+03
1.00000E+00	-3.88078E+03	5.14896E+03
1.00000E+00	-5.83828E+03	3.69096E+03
1.00000E+00	-7.38535E+03	2.23260E+03
1.00000E+00	-8.42485E+03	7.74180E+02
1.00000E+00	7.07335E+03	1.74147E+04
1.00000E+00	2.72176E+03	1.35548E+04
1.00000E+00	-1.12223E+03	9.69484E+03
1.00000E+00	-4.55573E+03	5.83489E+03
1.00000E+00	-7.48164E+03	1.97494E+03
1.00000E+00	-8.24983E+02	7.35960E+03
1.00000E+00	-2.04895E+03	7.80476E+03
1.00000E+00	-2.77546E+03	8.16618E+03
1.00000E+00	-3.36627E+03	7.19232E+03
1.00000E+00	-6.79020E+03	3.00272E+03
1.00000E+00	7.68518E+03	1.83061E+04
1.00000E+00	4.55922E+03	1.62388E+04
1.00000E+00	1.94060E+03	1.41701E+04
1.00000E+00	-2.68426E+02	1.20970E+04
1.00000E+00	-4.22241E+03	6.38683E+03
1.00000E+00	7.94951E+03	1.81439E+04
1.00000E+00	5.35026E+03	1.57424E+04
1.00000E+00	3.25859E+03	1.33408E+04
1.00000E+00	1.57733E+03	1.09389E+04
1.00000E+00	4.03344E+02	8.53462E+03
1.00000E+00	-2.48074E+03	6.67610E+03
1.00000E+00	-3.63917E+03	7.08575E+03
1.00000E+00	-4.27570E+03	7.43706E+03
1.00000E+00	-5.23345E+03	5.09440E+03
1.00000E+00	-4.86755E+03	5.27932E+03
1.00000E+00	-5.86435E+03	5.64464E+03
1.00000E+00	-6.24388E+03	5.97577E+03
1.00000E+00	-6.72708E+03	3.85125E+03
1.00000E+00	-7.46843E+03	4.18854E+03
1.00000E+00	-8.12529E+03	2.39832E+03
1.00000E+00	5.08339E+03	1.63796E+04
1.00000E+00	2.02400E+03	1.43100E+04
1.00000E+00	-5.02866E+02	1.22401E+04
1.00000E+00	-2.67459E+03	9.43902E+03
1.00000E+00	7.98870E+02	1.25199E+04
1.00000E+00	-2.09105E+03	1.04500E+04
1.00000E+00	-4.35757E+03	8.37675E+03
1.00000E+00	-2.95313E+03	8.65992E+03
1.00000E+00	-5.58202E+03	6.59006E+03
1.00000E+00	-6.23885E+03	4.79997E+03
1.00000E+00	5.34704E+03	1.62140E+04
1.00000E+00	2.81480E+03	1.38124E+04
1.00000E+00	8.15126E+02	1.14109E+04
1.00000E+00	-7.18346E+02	9.00890E+03
1.00000E+00	1.06247E+03	1.23540E+04
1.00000E+00	-1.30025E+03	9.95249E+03
1.00000E+00	-3.03889E+03	7.55091E+03
1.00000E+00	-2.68953E+03	8.49408E+03
1.00000E+00	-4.79121E+03	6.09255E+03
1.00000E+00	-5.97525E+03	4.63413E+03
1.00000E+00	5.95961E+03	1.71090E+04
1.00000E+00	3.42735E+03	1.47074E+04
1.00000E+00	1.42750E+03	1.23050E+04
1.00000E+00	-1.07246E+02	9.89651E+03
1.00000E+00	2.90017E+03	1.50392E+04
1.00000E+00	5.37405E+02	1.26374E+04
1.00000E+00	-1.20181E+03	1.02330E+04
1.00000E+00	3.73300E+02	1.29693E+04
1.00000E+00	-1.72839E+03	1.05678E+04
1.00000E+00	-1.69726E+03	1.08491E+04
