1.00000E+00	-1.50965E+04	-5.09446E+03
1.00000E+00	-2.09398E+04	-1.05488E+04
1.00000E+00	-2.48323E+04	-1.41816E+04
1.00000E+00	-2.68269E+04	-1.60014E+04
1.00000E+00	-2.69539E+04	-1.60170E+04
1.00000E+00	-2.09398E+04	-1.05488E+04
1.00000E+00	-2.48323E+04	-1.41816E+04
1.00000E+00	-2.68269E+04	-1.60014E+04
1.00000E+00	-2.69539E+04	-1.60170E+04
1.00000E+00	-2.52364E+04	-1.42358E+04
1.00000E+00	-2.48323E+04	-1.41816E+04
1.00000E+00	-2.68269E+04	-1.60014E+04
1.00000E+00	-2.69539E+04	-1.60170E+04
1.00000E+00	-2.52364E+04	-1.42358E+04
1.00000E+00	-2.16974E+04	-1.06536E+04
1.00000E+00	-2.68269E+04	-1.60014E+04
1.00000E+00	-2.69539E+04	-1.60170E+04
1.00000E+00	-2.52364E+04	-1.42358E+04
1.00000E+00	-2.16974E+04	-1.06536E+04
1.00000E+00	-1.63807E+04	-5.17060E+03
1.00000E+00	-2.69539E+04	-1.60170E+04
1.00000E+00	-2.52364E+04	-1.42358E+04
1.00000E+00	-2.16974E+04	-1.06536E+04
1.00000E+00	-1.63807E+04	-5.17060E+03
1.00000E+00	-9.23924E+03	1.60115E+03
1.00000E+00	-1.20715E+04	-3.67324E+03
1.00000E+00	-1.58599E+04	-6.59155E+03
1.00000E+00	-1.80709E+04	-8.12083E+03
1.00000E+00	-1.89164E+04	-8.42944E+03
1.00000E+00	-1.87466E+04	-7.88791E+03
1.00000E+00	-1.58599E+04	-6.59155E+03
1.00000E+00	-1.80709E+04	-8.12083E+03
1.00000E+00	-1.89164E+04	-8.42944E+03
1.00000E+00	-1.87466E+04	-7.88791E+03
1.00000E+00	-1.75167E+04	-6.46116E+03
1.00000E+00	-1.80709E+04	-8.12083E+03
1.00000E+00	-1.89164E+04	-8.42944E+03
1.00000E+00	-1.87466E+04	-7.88791E+03
1.00000E+00	-1.75167E+04	-6.46116E+03
1.00000E+00	-1.50065E+04	-3.88964E+03
1.00000E+00	-1.89164E+04	-8.42944E+03
1.00000E+00	-1.87466E+04	-7.88791E+03
1.00000E+00	-1.75167E+04	-6.46116E+03
1.00000E+00	-1.50065E+04	-3.88964E+03
1.00000E+00	-1.12089E+04	-1.81349E+02
1.00000E+00	-1.87466E+04	-7.88791E+03
1.00000E+00	-1.75167E+04	-6.46116E+03
1.00000E+00	-1.50065E+04	-3.88964E+03
1.00000E+00	-1.12089E+04	-1.81349E+02
1.00000E+00	-6.23206E+03	4.49159E+03
1.00000E-01	3.42610E+03	5.23488E+03
2.00000E-01	6.28753E+03	9.53151E+03
3.00000E-01	8.37250E+03	1.28899E+04
4.00000E-01	9.63974E+03	1.53101E+04
5.00000E-01	1.00735E+04	1.67920E+04
2.00000E-01	6.28753E+03	9.53151E+03
3.00000E-01	8.37250E+03	1.28899E+04
4.00000E-01	9.63974E+03	1.53101E+04
5.00000E-01	1.00735E+04	1.67920E+04
6.00000E-01	9.66953E+03	1.73357E+04
3.00000E-01	8.37250E+03	1.28899E+04
4.00000E-01	9.63974E+03	1.53101E+04
5.00000E-01	1.00735E+04	1.67920E+04
6.00000E-01	9.66953E+03	1.73357E+04
7.00000E-01	8.43208E+03	1.69411E+04
4.00000E-01	9.63974E+03	1.53101E+04
5.00000E-01	1.00735E+04	1.67920E+04
6.00000E-01	9.66953E+03	1.73357E+04
7.00000E-01	8.43208E+03	1.69411E+04
8.00000E-01	6.37691E+03	1.56083E+04
5.00000E-01	1.00735E+04	1.67920E+04
6.00000E-01	9.66953E+03	1.73357E+04
7.00000E-01	8.43208E+03	1.69411E+04
8.00000E-01	6.37691E+03	1.56083E+04
9.00000E-01	3.54527E+03	1.33373E+04
1.00000E+00	-1.03597E+04	-1.62156E+02
1.00000E+00	-1.08522E+04	-5.58895E+02
1.00000E+00	-1.13021E+04	-9.73037E+02
1.00000E+00	-1.15783E+04	-1.23211E+03
1.00000E+00	-1.15240E+04	-1.16366E+03
1.00000E+00	-1.08522E+04	-5.58895E+02
1.00000E+00	-1.13021E+04	-9.73037E+02
1.00000E+00	-1.15783E+04	-1.23211E+03
1.00000E+00	-1.15240E+04	-1.16366E+03
1.00000E+00	-1.09712E+04	-5.95204E+02
1.00000E+00	-1.13021E+04	-9.73037E+02
1.00000E+00	-1.15783E+04	-1.23211E+03
1.00000E+00	-1.15240E+04	-1.16366E+03
1.00000E+00	-1.09712E+04	-5.95204E+02
1.00000E+00	-9.74289E+03	6.45719E+02
1.00000E+00	-1.15783E+04	-1.23211E+03
1.00000E+00	-1.15240E+04	-1.16366E+03
1.00000E+00	-1.09712E+04	-5.95204E+02
1.00000E+00	-9.74289E+03	6.45719E+02
1.00000E+00	-7.65102E+03	2.73158E+03
1.00000E+00	-1.15240E+04	-1.16366E+03
1.00000E+00	-1.09712E+04	-5.95204E+02
1.00000E+00	-9.74289E+03	6.45719E+02
1.00000E+00	-7.65102E+03	2.73158E+03
1.00000E+00	-4.48182E+03	5.83484E+03
1.00000E+00	-5.26863E+03	3.35582E+03
1.00000E+00	-3.85521E+03	5.84787E+03
1.00000E+00	-2.91921E+03	7.59587E+03
1.00000E+00	-2.61668E+03	7.84317E+03
1.00000E+00	-3.00028E+03	7.57350E+03
1.00000E+00	-3.85521E+03	5.84787E+03
1.00000E+00	-2.91921E+03	7.59587E+03
1.00000E+00	-2.61668E+03	7.84317E+03
1.00000E+00	-3.00028E+03	7.57350E+03
1.00000E+00	-3.77018E+03	6.89955E+03
1.00000E+00	-2.91921E+03	7.59587E+03
1.00000E+00	-2.61668E+03	7.84317E+03
1.00000E+00	-3.00028E+03	7.57350E+03
1.00000E+00	-3.77018E+03	6.89955E+03
1.00000E+00	-4.75184E+03	5.89467E+03
1.00000E+00	-2.61668E+03	7.84317E+03
1.00000E+00	-3.00028E+03	7.57350E+03
1.00000E+00	-3.77018E+03	6.89955E+03
1.00000E+00	-4.75184E+03	5.89467E+03
1.00000E+00	-5.78094E+03	4.68513E+03
1.00000E+00	-3.00028E+03	7.57350E+03
1.00000E+00	-3.77018E+03	6.89955E+03
1.00000E+00	-4.75184E+03	5.89467E+03
1.00000E+00	-5.78094E+03	4.68513E+03
1.00000E+00	-6.67408E+03	3.40498E+03
1.00000E-01	1.05568E+04	1.25045E+04
2.00000E-01	1.89314E+04	2.23155E+04
3.00000E-01	2.47018E+04	2.89666E+04
4.00000E-01	2.78211E+04	3.30701E+04
5.00000E-01	2.83330E+04	3.45259E+04
2.00000E-01	1.89314E+04	2.23155E+04
3.00000E-01	2.47018E+04	2.89666E+04
4.00000E-01	2.78211E+04	3.30701E+04
5.00000E-01	2.83330E+04	3.45259E+04
6.00000E-01	2.62605E+04	3.33301E+04
3.00000E-01	2.47018E+04	2.89666E+04
4.00000E-01	2.78211E+04	3.30701E+04
5.00000E-01	2.83330E+04	3.45259E+04
6.00000E-01	2.62605E+04	3.33301E+04
7.00000E-01	2.16266E+04	2.94898E+04
4.00000E-01	2.78211E+04	3.30701E+04
5.00000E-01	2.83330E+04	3.45259E+04
6.00000E-01	2.62605E+04	3.33301E+04
7.00000E-01	2.16266E+04	2.94898E+04
8.00000E-01	1.44616E+04	2.30140E+04
5.00000E-01	2.83330E+04	3.45259E+04
6.00000E-01	2.62605E+04	3.33301E+04
7.00000E-01	2.16266E+04	2.94898E+04
8.00000E-01	1.44616E+04	2.30140E+04
9.00000E-01	4.81868E+03	1.39112E+04
1.00000E+00	-4.20703E+03	6.58619E+03
1.00000E+00	5.33024E+02	1.18675E+04
1.00000E+00	4.23767E+03	1.59607E+04
1.00000E+00	6.88812E+03	1.89867E+04
1.00000E+00	8.43635E+03	2.07744E+04
1.00000E+00	5.33024E+02	1.18675E+04
1.00000E+00	4.23767E+03	1.59607E+04
1.00000E+00	6.88812E+03	1.89867E+04
1.00000E+00	8.43635E+03	2.07744E+04
1.00000E+00	8.87692E+03	2.13214E+04
1.00000E+00	4.23767E+03	1.59607E+04
1.00000E+00	6.88812E+03	1.89867E+04
1.00000E+00	8.43635E+03	2.07744E+04
1.00000E+00	8.87692E+03	2.13214E+04
1.00000E+00	8.17617E+03	2.04073E+04
1.00000E+00	6.88812E+03	1.89867E+04
1.00000E+00	8.43635E+03	2.07744E+04
1.00000E+00	8.87692E+03	2.13214E+04
1.00000E+00	8.17617E+03	2.04073E+04
1.00000E+00	5.48114E+03	1.67504E+04
1.00000E+00	8.43635E+03	2.07744E+04
1.00000E+00	8.87692E+03	2.13214E+04
1.00000E+00	8.17617E+03	2.04073E+04
1.00000E+00	5.48114E+03	1.67504E+04
1.00000E+00	3.90133E+02	1.08192E+04
1.00000E-01	7.48299E+03	9.00531E+03
2.00000E-01	1.33395E+04	1.60106E+04
3.00000E-01	1.73579E+04	2.10159E+04
4.00000E-01	1.94967E+04	2.40212E+04
5.00000E-01	1.97403E+04	2.50264E+04
2.00000E-01	1.33395E+04	1.60106E+04
3.00000E-01	1.73579E+04	2.10159E+04
4.00000E-01	1.94967E+04	2.40212E+04
5.00000E-01	1.97403E+04	2.50264E+04
6.00000E-01	1.80844E+04	2.40315E+04
3.00000E-01	1.73579E+04	2.10159E+04
4.00000E-01	1.94967E+04	2.40212E+04
5.00000E-01	1.97403E+04	2.50264E+04
6.00000E-01	1.80844E+04	2.40315E+04
7.00000E-01	1.45331E+04	2.10362E+04
4.00000E-01	1.94967E+04	2.40212E+04
5.00000E-01	1.97403E+04	2.50264E+04
6.00000E-01	1.80844E+04	2.40315E+04
7.00000E-01	1.45331E+04	2.10362E+04
8.00000E-01	9.10231E+03	1.60404E+04
5.00000E-01	1.97403E+04	2.50264E+04
6.00000E-01	1.80844E+04	2.40315E+04
7.00000E-01	1.45331E+04	2.10362E+04
8.00000E-01	9.10231E+03	1.60404E+04
9.00000E-01	1.83305E+03	9.04344E+03
1.00000E+00	-7.39204E+03	2.97739E+03
1.00000E+00	-5.31886E+03	5.21630E+03
1.00000E+00	-3.76183E+03	6.77729E+03
1.00000E+00	-2.74637E+03	7.67618E+03
1.00000E+00	-2.27237E+03	7.92877E+03
1.00000E+00	-5.31886E+03	5.21630E+03
1.00000E+00	-3.76183E+03	6.77729E+03
1.00000E+00	-2.74637E+03	7.67618E+03
1.00000E+00	-2.27237E+03	7.92877E+03
1.00000E+00	-2.32835E+03	7.55081E+03
1.00000E+00	-3.76183E+03	6.77729E+03
1.00000E+00	-2.74637E+03	7.67618E+03
1.00000E+00	-2.27237E+03	7.92877E+03
1.00000E+00	-2.32835E+03	7.55081E+03
1.00000E+00	-2.89416E+03	6.55797E+03
1.00000E+00	-2.74637E+03	7.67618E+03
1.00000E+00	-2.27237E+03	7.92877E+03
1.00000E+00	-2.32835E+03	7.55081E+03
1.00000E+00	-2.89416E+03	6.55797E+03
1.00000E+00	-3.93829E+03	4.96583E+03
1.00000E+00	-2.27237E+03	7.92877E+03
1.00000E+00	-2.32835E+03	7.55081E+03
1.00000E+00	-2.89416E+03	6.55797E+03
1.00000E+00	-3.93829E+03	4.96583E+03
1.00000E+00	-5.40373E+03	2.78967E+03
9.00000E-01	-6.17739E+02	9.04024E+03
8.00000E-01	6.92349E+03	1.60358E+04
7.00000E-01	1.26265E+04	2.10313E+04
6.00000E-01	1.64500E+04	2.40268E+04
5.00000E-01	1.83783E+04	2.50224E+04
8.00000E-01	6.92349E+03	1.60358E+04
7.00000E-01	1.26265E+04	2.10313E+04
6.00000E-01	1.64500E+04	2.40268E+04
5.00000E-01	1.83783E+04	2.50224E+04
4.00000E-01	1.84071E+04	2.40179E+04
7.00000E-01	1.26265E+04	2.10313E+04
6.00000E-01	1.64500E+04	2.40268E+04
5.00000E-01	1.83783E+04	2.50224E+04
4.00000E-01	1.84071E+04	2.40179E+04
3.00000E-01	1.65407E+04	2.10134E+04
6.00000E-01	1.64500E+04	2.40268E+04
5.00000E-01	1.83783E+04	2.50224E+04
4.00000E-01	1.84071E+04	2.40179E+04
3.00000E-01	1.65407E+04	2.10134E+04
2.00000E-01	1.27947E+04	1.60089E+04
5.00000E-01	1.83783E+04	2.50224E+04
4.00000E-01	1.84071E+04	2.40179E+04
3.00000E-01	1.65407E+04	2.10134E+04
2.00000E-01	1.27947E+04	1.60089E+04
1.00000E-01	7.21059E+03	9.00447E+03
1.00000E+00	-1.50965E+04	-5.09446E+03
1.00000E+00	-2.09398E+04	-1.05488E+04
1.00000E+00	-2.48323E+04	-1.41816E+04
1.00000E+00	-2.68269E+04	-1.60014E+04
1.00000E+00	-2.69539E+04	-1.60170E+04
1.00000E+00	-1.04462E+04	1.05148E+03
1.00000E+00	-1.16532E+04	-2.38358E+02
1.00000E+00	-1.29718E+04	-1.75525E+03
1.00000E+00	-1.42271E+04	-3.40764E+03
1.00000E+00	-1.65937E+04	-4.72615E+03
1.00000E+00	-1.80793E+04	-6.44873E+03
1.00000E+00	-1.96332E+04	-8.41497E+03
1.00000E+00	-2.13113E+04	-9.36723E+03
1.00000E+00	-2.31192E+04	-1.16264E+04
1.00000E+00	-2.47647E+04	-1.30654E+04
1.00000E+00	-2.09398E+04	-1.05488E+04
1.00000E+00	-2.48323E+04	-1.41816E+04
1.00000E+00	-2.68269E+04	-1.60014E+04
1.00000E+00	-2.69539E+04	-1.60170E+04
1.00000E+00	-2.52364E+04	-1.42358E+04
1.00000E+00	-1.53775E+04	-3.17298E+03
1.00000E+00	-1.65937E+04	-4.72615E+03
1.00000E+00	-1.80793E+04	-6.44873E+03
1.00000E+00	-1.96332E+04	-8.41497E+03
1.00000E+00	-1.97624E+04	-7.39888E+03
1.00000E+00	-2.13113E+04	-9.36723E+03
1.00000E+00	-2.31192E+04	-1.16264E+04
1.00000E+00	-2.27896E+04	-1.04420E+04
1.00000E+00	-2.47647E+04	-1.30654E+04
1.00000E+00	-2.46394E+04	-1.27286E+04
1.00000E+00	-2.48323E+04	-1.41816E+04
1.00000E+00	-2.68269E+04	-1.60014E+04
1.00000E+00	-2.69539E+04	-1.60170E+04
1.00000E+00	-2.52364E+04	-1.42358E+04
1.00000E+00	-2.16974E+04	-1.06536E+04
1.00000E+00	-1.88036E+04	-6.11994E+03
1.00000E+00	-1.97624E+04	-7.39888E+03
1.00000E+00	-2.13113E+04	-9.36723E+03
1.00000E+00	-2.31192E+04	-1.16264E+04
1.00000E+00	-2.14435E+04	-8.59287E+03
1.00000E+00	-2.27896E+04	-1.04420E+04
1.00000E+00	-2.47647E+04	-1.30654E+04
1.00000E+00	-2.28062E+04	-1.00129E+04
1.00000E+00	-2.46394E+04	-1.27286E+04
1.00000E+00	-2.28778E+04	-1.04771E+04
1.00000E+00	-2.68269E+04	-1.60014E+04
1.00000E+00	-2.69539E+04	-1.60170E+04
1.00000E+00	-2.52364E+04	-1.42358E+04
1.00000E+00	-2.16974E+04	-1.06536E+04
1.00000E+00	-1.63807E+04	-5.17060E+03
1.00000E+00	-2.03585E+04	-7.85963E+03
1.00000E+00	-2.14435E+04	-8.59287E+03
1.00000E+00	-2.27896E+04	-1.04420E+04
1.00000E+00	-2.47647E+04	-1.30654E+04
1.00000E+00	-2.13025E+04	-8.69751E+03
1.00000E+00	-2.28062E+04	-1.00129E+04
1.00000E+00	-2.46394E+04	-1.27286E+04
1.00000E+00	-2.10021E+04	-8.49900E+03
1.00000E+00	-2.28778E+04	-1.04771E+04
1.00000E+00	-1.94202E+04	-7.26520E+03
1.00000E+00	-2.69539E+04	-1.60170E+04
1.00000E+00	-2.52364E+04	-1.42358E+04
1.00000E+00	-2.16974E+04	-1.06536E+04
1.00000E+00	-1.63807E+04	-5.17060E+03
1.00000E+00	-9.23924E+03	1.60115E+03
1.00000E+00	-1.99000E+04	-7.76696E+03
1.00000E+00	-2.13025E+04	-8.69751E+03
1.00000E+00	-2.28062E+04	-1.00129E+04
1.00000E+00	-2.46394E+04	-1.27286E+04
1.00000E+00	-1.91446E+04	-6.97218E+03
1.00000E+00	-2.10021E+04	-8.49900E+03
1.00000E+00	-2.28778E+04	-1.04771E+04
1.00000E+00	-1.71676E+04	-5.12895E+03
1.00000E+00	-1.94202E+04	-7.26520E+03
1.00000E+00	-1.39343E+04	-2.26188E+03
1.00000E+00	-1.04462E+04	1.05148E+03
1.00000E+00	-1.53775E+04	-3.17298E+03
1.00000E+00	-1.88036E+04	-6.11994E+03
1.00000E+00	-2.03585E+04	-7.85963E+03
1.00000E+00	-1.99000E+04	-7.76696E+03
1.00000E+00	-1.09158E+04	-1.11467E+03
1.00000E+00	-1.00569E+04	8.37678E+02
1.00000E+00	-9.65521E+03	2.00521E+03
1.00000E+00	-9.63274E+03	2.32417E+03
1.00000E+00	-1.50233E+04	-4.28578E+03
1.00000E+00	-1.47607E+04	-3.10148E+03
1.00000E+00	-1.48842E+04	-2.58262E+03
1.00000E+00	-1.78239E+04	-6.39198E+03
1.00000E+00	-1.81794E+04	-5.98663E+03
1.00000E+00	-1.94586E+04	-7.57066E+03
1.00000E+00	-1.16532E+04	-2.38358E+02
1.00000E+00	-1.65937E+04	-4.72615E+03
1.00000E+00	-1.97624E+04	-7.39888E+03
1.00000E+00	-2.14435E+04	-8.59287E+03
1.00000E+00	-2.13025E+04	-8.69751E+03
1.00000E+00	-1.00569E+04	8.37678E+02
1.00000E+00	-9.65521E+03	2.00521E+03
1.00000E+00	-9.63274E+03	2.32417E+03
1.00000E+00	-1.04462E+04	1.05148E+03
1.00000E+00	-1.47607E+04	-3.10148E+03
1.00000E+00	-1.48842E+04	-2.58262E+03
1.00000E+00	-1.53775E+04	-3.17298E+03
1.00000E+00	-1.81794E+04	-5.98663E+03
1.00000E+00	-1.88036E+04	-6.11994E+03
1.00000E+00	-2.03585E+04	-7.85963E+03
1.00000E+00	-1.29718E+04	-1.75525E+03
1.00000E+00	-1.80793E+04	-6.44873E+03
1.00000E+00	-2.13113E+04	-9.36723E+03
1.00000E+00	-2.27896E+04	-1.04420E+04
1.00000E+00	-2.28062E+04	-1.00129E+04
1.00000E+00	-9.65521E+03	2.00521E+03
1.00000E+00	-9.63274E+03	2.32417E+03
1.00000E+00	-1.04462E+04	1.05148E+03
1.00000E+00	-1.16532E+04	-2.38358E+02
1.00000E+00	-1.48842E+04	-2.58262E+03
1.00000E+00	-1.53775E+04	-3.17298E+03
1.00000E+00	-1.65937E+04	-4.72615E+03
1.00000E+00	-1.88036E+04	-6.11994E+03
1.00000E+00	-1.97624E+04	-7.39888E+03
1.00000E+00	-2.14435E+04	-8.59287E+03
1.00000E+00	-1.42271E+04	-3.40764E+03
1.00000E+00	-1.96332E+04	-8.41497E+03
1.00000E+00	-2.31192E+04	-1.16264E+04
1.00000E+00	-2.47647E+04	-1.30654E+04
1.00000E+00	-2.46394E+04	-1.27286E+04
1.00000E+00	-9.63274E+03	2.32417E+03
1.00000E+00	-1.04462E+04	1.05148E+03
1.00000E+00	-1.16532E+04	-2.38358E+02
1.00000E+00	-1.29718E+04	-1.75525E+03
1.00000E+00	-1.53775E+04	-3.17298E+03
1.00000E+00	-1.65937E+04	-4.72615E+03
1.00000E+00	-1.80793E+04	-6.44873E+03
1.00000E+00	-1.97624E+04	-7.39888E+03
1.00000E+00	-2.13113E+04	-9.36723E+03
1.00000E+00	-2.27896E+04	-1.04420E+04
1.00000E+00	-1.65937E+04	-4.72615E+03
1.00000E+00	-1.97624E+04	-7.39888E+03
1.00000E+00	-2.14435E+04	-8.59287E+03
1.00000E+00	-2.13025E+04	-8.69751E+03
1.00000E+00	-1.91446E+04	-6.97218E+03
1.00000E+00	-1.50233E+04	-4.28578E+03
1.00000E+00	-1.47607E+04	-3.10148E+03
1.00000E+00	-1.48842E+04	-2.58262E+03
1.00000E+00	-1.53775E+04	-3.17298E+03
1.00000E+00	-1.78239E+04	-6.39198E+03
1.00000E+00	-1.81794E+04	-5.98663E+03
1.00000E+00	-1.88036E+04	-6.11994E+03
1.00000E+00	-1.94586E+04	-7.57066E+03
1.00000E+00	-2.03585E+04	-7.85963E+03
1.00000E+00	-1.99000E+04	-7.76696E+03
1.00000E+00	-1.80793E+04	-6.44873E+03
1.00000E+00	-2.13113E+04	-9.36723E+03
1.00000E+00	-2.27896E+04	-1.04420E+04
1.00000E+00	-2.28062E+04	-1.00129E+04
1.00000E+00	-2.10021E+04	-8.49900E+03
1.00000E+00	-1.47607E+04	-3.10148E+03
1.00000E+00	-1.48842E+04	-2.58262E+03
1.00000E+00	-1.53775E+04	-3.17298E+03
1.00000E+00	-1.65937E+04	-4.72615E+03
1.00000E+00	-1.81794E+04	-5.98663E+03
1.00000E+00	-1.88036E+04	-6.11994E+03
1.00000E+00	-1.97624E+04	-7.39888E+03
1.00000E+00	-2.03585E+04	-7.85963E+03
1.00000E+00	-2.14435E+04	-8.59287E+03
1.00000E+00	-2.13025E+04	-8.69751E+03
1.00000E+00	-1.96332E+04	-8.41497E+03
1.00000E+00	-2.31192E+04	-1.16264E+04
1.00000E+00	-2.47647E+04	-1.30654E+04
1.00000E+00	-2.46394E+04	-1.27286E+04
1.00000E+00	-2.28778E+04	-1.04771E+04
1.00000E+00	-1.48842E+04	-2.58262E+03
1.00000E+00	-1.53775E+04	-3.17298E+03
1.00000E+00	-1.65937E+04	-4.72615E+03
1.00000E+00	-1.80793E+04	-6.44873E+03
1.00000E+00	-1.88036E+04	-6.11994E+03
1.00000E+00	-1.97624E+04	-7.39888E+03
1.00000E+00	-2.13113E+04	-9.36723E+03
1.00000E+00	-2.14435E+04	-8.59287E+03
1.00000E+00	-2.27896E+04	-1.04420E+04
1.00000E+00	-2.28062E+04	-1.00129E+04
1.00000E+00	-2.13113E+04	-9.36723E+03
1.00000E+00	-2.27896E+04	-1.04420E+04
1.00000E+00	-2.28062E+04	-1.00129E+04
1.00000E+00	-2.10021E+04	-8.49900E+03
1.00000E+00	-1.71676E+04	-5.12895E+03
1.00000E+00	-1.78239E+04	-6.39198E+03
1.00000E+00	-1.81794E+04	-5.98663E+03
1.00000E+00	-1.88036E+04	-6.11994E+03
1.00000E+00	-1.97624E+04	-7.39888E+03
1.00000E+00	-1.94586E+04	-7.57066E+03
1.00000E+00	-2.03585E+04	-7.85963E+03
1.00000E+00	-2.14435E+04	-8.59287E+03
1.00000E+00	-1.99000E+04	-7.76696E+03
1.00000E+00	-2.13025E+04	-8.69751E+03
1.00000E+00	-1.91446E+04	-6.97218E+03
1.00000E+00	-2.31192E+04	-1.16264E+04
1.00000E+00	-2.47647E+04	-1.30654E+04
1.00000E+00	-2.46394E+04	-1.27286E+04
1.00000E+00	-2.28778E+04	-1.04771E+04
1.00000E+00	-1.94202E+04	-7.26520E+03
1.00000E+00	-1.81794E+04	-5.98663E+03
1.00000E+00	-1.88036E+04	-6.11994E+03
1.00000E+00	-1.97624E+04	-7.39888E+03
1.00000E+00	-2.13113E+04	-9.36723E+03
1.00000E+00	-2.03585E+04	-7.85963E+03
1.00000E+00	-2.14435E+04	-8.59287E+03
1.00000E+00	-2.27896E+04	-1.04420E+04
1.00000E+00	-2.13025E+04	-8.69751E+03
1.00000E+00	-2.28062E+04	-1.00129E+04
1.00000E+00	-2.10021E+04	-8.49900E+03
1.00000E+00	-2.47647E+04	-1.30654E+04
1.00000E+00	-2.46394E+04	-1.27286E+04
1.00000E+00	-2.28778E+04	-1.04771E+04
1.00000E+00	-1.94202E+04	-7.26520E+03
1.00000E+00	-1.39343E+04	-2.26188E+03
1.00000E+00	-1.94586E+04	-7.57066E+03
1.00000E+00	-2.03585E+04	-7.85963E+03
1.00000E+00	-2.14435E+04	-8.59287E+03
1.00000E+00	-2.27896E+04	-1.04420E+04
1.00000E+00	-1.99000E+04	-7.76696E+03
1.00000E+00	-2.13025E+04	-8.69751E+03
1.00000E+00	-2.28062E+04	-1.00129E+04
1.00000E+00	-1.91446E+04	-6.97218E+03
1.00000E+00	-2.10021E+04	-8.49900E+03
1.00000E+00	-1.71676E+04	-5.12895E+03
1.00000E+00	-1.50965E+04	-5.09446E+03
1.00000E+00	-2.09398E+04	-1.05488E+04
1.00000E+00	-2.48323E+04	-1.41816E+04
1.00000E+00	-2.68269E+04	-1.60014E+04
1.00000E+00	-2.69539E+04	-1.60170E+04
6.00000E-01	1.85280E+04	2.62938E+04
7.00000E-01	1.38349E+04	2.24046E+04
8.00000E-01	6.60224E+03	1.58709E+04
9.00000E-01	-3.11576E+03	6.70171E+03
7.00000E-01	8.19362E+03	1.71235E+04
8.00000E-01	9.01702E+02	1.05408E+04
9.00000E-01	-8.88404E+03	1.31376E+03
8.00000E-01	-2.86376E+03	7.01489E+03
9.00000E-01	-1.27087E+04	-2.26114E+03
9.00000E-01	-1.46441E+04	-4.03194E+03
1.00000E+00	-2.09398E+04	-1.05488E+04
1.00000E+00	-2.48323E+04	-1.41816E+04
1.00000E+00	-2.68269E+04	-1.60014E+04
1.00000E+00	-2.69539E+04	-1.60170E+04
1.00000E+00	-2.52364E+04	-1.42358E+04
6.00000E-01	1.29356E+04	2.10544E+04
7.00000E-01	8.19362E+03	1.71235E+04
8.00000E-01	9.01702E+02	1.05408E+04
9.00000E-01	-8.88404E+03	1.31376E+03
7.00000E-01	4.47706E+03	1.36392E+04
8.00000E-01	-2.86376E+03	7.01489E+03
9.00000E-01	-1.27087E+04	-2.26114E+03
8.00000E-01	-4.75022E+03	5.28577E+03
9.00000E-01	-1.46441E+04	-4.03194E+03
9.00000E-01	-1.47222E+04	-4.00590E+03
1.00000E+00	-2.48323E+04	-1.41816E+04
1.00000E+00	-2.68269E+04	-1.60014E+04
1.00000E+00	-2.69539E+04	-1.60170E+04
1.00000E+00	-2.52364E+04	-1.42358E+04
1.00000E+00	-2.16974E+04	-1.06536E+04
6.00000E-01	9.25349E+03	1.76160E+04
7.00000E-01	4.47706E+03	1.36392E+04
8.00000E-01	-2.86376E+03	7.01489E+03
9.00000E-01	-1.27087E+04	-2.26114E+03
7.00000E-01	2.62503E+03	1.19559E+04
8.00000E-01	-4.75022E+03	5.28577E+03
9.00000E-01	-1.46441E+04	-4.03194E+03
8.00000E-01	-4.79390E+03	5.35766E+03
9.00000E-01	-1.47222E+04	-4.00590E+03
9.00000E-01	-1.29703E+04	-2.17885E+03
1.00000E+00	-2.68269E+04	-1.60014E+04
1.00000E+00	-2.69539E+04	-1.60170E+04
1.00000E+00	-2.52364E+04	-1.42358E+04
1.00000E+00	-2.16974E+04	-1.06536E+04
1.00000E+00	-1.63807E+04	-5.17060E+03
6.00000E-01	7.39810E+03	1.60783E+04
7.00000E-01	2.62503E+03	1.19559E+04
8.00000E-01	-4.75022E+03	5.28577E+03
9.00000E-01	-1.46441E+04	-4.03194E+03
7.00000E-01	2.57799E+03	1.21735E+04
8.00000E-01	-4.79390E+03	5.35766E+03
9.00000E-01	-1.47222E+04	-4.00590E+03
8.00000E-01	-3.04537E+03	7.33035E+03
9.00000E-01	-1.29703E+04	-2.17885E+03
9.00000E-01	-9.43469E+03	1.54900E+03
1.00000E+00	-2.69539E+04	-1.60170E+04
1.00000E+00	-2.52364E+04	-1.42358E+04
1.00000E+00	-2.16974E+04	-1.06536E+04
1.00000E+00	-1.63807E+04	-5.17060E+03
1.00000E+00	-9.23924E+03	1.60115E+03
6.00000E-01	7.39922E+03	1.58295E+04
7.00000E-01	2.57799E+03	1.21735E+04
8.00000E-01	-4.79390E+03	5.35766E+03
9.00000E-01	-1.47222E+04	-4.00590E+03
7.00000E-01	4.37468E+03	1.36798E+04
8.00000E-01	-3.04537E+03	7.33035E+03
9.00000E-01	-1.29703E+04	-2.17885E+03
8.00000E-01	5.38412E+02	1.05918E+04
9.00000E-01	-9.43469E+03	1.54900E+03
9.00000E-01	-4.06982E+03	6.56559E+03
6.00000E-01	1.85280E+04	2.62938E+04
6.00000E-01	1.29356E+04	2.10544E+04
6.00000E-01	9.25349E+03	1.76160E+04
6.00000E-01	7.39810E+03	1.60783E+04
6.00000E-01	7.39922E+03	1.58295E+04
2.00000E-01	1.13271E+04	1.50460E+04
3.00000E-01	1.70494E+04	2.21635E+04
4.00000E-01	2.01720E+04	2.61213E+04
5.00000E-01	2.06495E+04	2.75313E+04
3.00000E-01	1.15362E+04	1.66492E+04
4.00000E-01	1.46107E+04	2.10734E+04
5.00000E-01	1.50915E+04	2.23378E+04
4.00000E-01	1.09734E+04	1.73142E+04
5.00000E-01	1.14060E+04	1.90450E+04
5.00000E-01	9.59878E+03	1.70410E+04
7.00000E-01	1.38349E+04	2.24046E+04
7.00000E-01	8.19362E+03	1.71235E+04
7.00000E-01	4.47706E+03	1.36392E+04
7.00000E-01	2.62503E+03	1.19559E+04
7.00000E-01	2.57799E+03	1.21735E+04
3.00000E-01	1.70494E+04	2.21635E+04
4.00000E-01	2.01720E+04	2.61213E+04
5.00000E-01	2.06495E+04	2.75313E+04
6.00000E-01	1.85280E+04	2.62938E+04
4.00000E-01	1.46107E+04	2.10734E+04
5.00000E-01	1.50915E+04	2.23378E+04
6.00000E-01	1.29356E+04	2.10544E+04
5.00000E-01	1.14060E+04	1.90450E+04
6.00000E-01	9.25349E+03	1.76160E+04
6.00000E-01	7.39810E+03	1.60783E+04
8.00000E-01	6.60224E+03	1.58709E+04
8.00000E-01	9.01702E+02	1.05408E+04
8.00000E-01	-2.86376E+03	7.01489E+03
8.00000E-01	-4.75022E+03	5.28577E+03
8.00000E-01	-4.79390E+03	5.35766E+03
4.00000E-01	2.01720E+04	2.61213E+04
5.00000E-01	2.06495E+04	2.75313E+04
6.00000E-01	1.85280E+04	2.62938E+04
7.00000E-01	1.38349E+04	2.24046E+04
5.00000E-01	1.50915E+04	2.23378E+04
6.00000E-01	1.29356E+04	2.10544E+04
7.00000E-01	8.19362E+03	1.71235E+04
6.00000E-01	9.25349E+03	1.76160E+04
7.00000E-01	4.47706E+03	1.36392E+04
7.00000E-01	2.62503E+03	1.19559E+04
9.00000E-01	-3.11576E+03	6.70171E+03
9.00000E-01	-8.88404E+03	1.31376E+03
9.00000E-01	-1.27087E+04	-2.26114E+03
9.00000E-01	-1.46441E+04	-4.03194E+03
9.00000E-01	-1.47222E+04	-4.00590E+03
5.00000E-01	2.06495E+04	2.75313E+04
6.00000E-01	1.85280E+04	2.62938E+04
7.00000E-01	1.38349E+04	2.24046E+04
8.00000E-01	6.60224E+03	1.58709E+04
6.00000E-01	1.29356E+04	2.10544E+04
7.00000E-01	8.19362E+03	1.71235E+04
8.00000E-01	9.01702E+02	1.05408E+04
7.00000E-01	4.47706E+03	1.36392E+04
8.00000E-01	-2.86376E+03	7.01489E+03
8.00000E-01	-4.75022E+03	5.28577E+03
7.00000E-01	8.19362E+03	1.71235E+04
7.00000E-01	4.47706E+03	1.36392E+04
7.00000E-01	2.62503E+03	1.19559E+04
7.00000E-01	2.57799E+03	1.21735E+04
7.00000E-01	4.37468E+03	1.36798E+04
3.00000E-01	1.15362E+04	1.66492E+04
4.00000E-01	1.46107E+04	2.10734E+04
5.00000E-01	1.50915E+04	2.23378E+04
6.00000E-01	1.29356E+04	2.10544E+04
4.00000E-01	1.09734E+04	1.73142E+04
5.00000E-01	1.14060E+04	1.90450E+04
6.00000E-01	9.25349E+03	1.76160E+04
5.00000E-01	9.59878E+03	1.70410E+04
6.00000E-01	7.39810E+03	1.60783E+04
6.00000E-01	7.39922E+03	1.58295E+04
8.00000E-01	9.01702E+02	1.05408E+04
8.00000E-01	-2.86376E+03	7.01489E+03
8.00000E-01	-4.75022E+03	5.28577E+03
8.00000E-01	-4.79390E+03	5.35766E+03
8.00000E-01	-3.04537E+03	7.33035E+03
4.00000E-01	1.46107E+04	2.10734E+04
5.00000E-01	1.50915E+04	2.23378E+04
6.00000E-01	1.29356E+04	2.10544E+04
7.00000E-01	8.19362E+03	1.71235E+04
5.00000E-01	1.14060E+04	1.90450E+04
6.00000E-01	9.25349E+03	1.76160E+04
7.00000E-01	4.47706E+03	1.36392E+04
6.00000E-01	7.39810E+03	1.60783E+04
7.00000E-01	2.62503E+03	1.19559E+04
7.00000E-01	2.57799E+03	1.21735E+04
9.00000E-01	-8.88404E+03	1.31376E+03
9.00000E-01	-1.27087E+04	-2.26114E+03
9.00000E-01	-1.46441E+04	-4.03194E+03
9.00000E-01	-1.47222E+04	-4.00590E+03
9.00000E-01	-1.29703E+04	-2.17885E+03
5.00000E-01	1.50915E+04	2.23378E+04
6.00000E-01	1.29356E+04	2.10544E+04
7.00000E-01	8.19362E+03	1.71235E+04
8.00000E-01	9.01702E+02	1.05408E+04
6.00000E-01	9.25349E+03	1.76160E+04
7.00000E-01	4.47706E+03	1.36392E+04
8.00000E-01	-2.86376E+03	7.01489E+03
7.00000E-01	2.62503E+03	1.19559E+04
8.00000E-01	-4.75022E+03	5.28577E+03
8.00000E-01	-4.79390E+03	5.35766E+03
8.00000E-01	-2.86376E+03	7.01489E+03
8.00000E-01	-4.75022E+03	5.28577E+03
8.00000E-01	-4.79390E+03	5.35766E+03
8.00000E-01	-3.04537E+03	7.33035E+03
8.00000E-01	5.38412E+02	1.05918E+04
4.00000E-01	1.09734E+04	1.73142E+04
5.00000E-01	1.14060E+04	1.90450E+04
6.00000E-01	9.25349E+03	1.76160E+04
7.00000E-01	4.47706E+03	1.36392E+04
5.00000E-01	9.59878E+03	1.70410E+04
6.00000E-01	7.39810E+03	1.60783E+04
7.00000E-01	2.62503E+03	1.19559E+04
6.00000E-01	7.39922E+03	1.58295E+04
7.00000E-01	2.57799E+03	1.21735E+04
7.00000E-01	4.37468E+03	1.36798E+04
9.00000E-01	-1.27087E+04	-2.26114E+03
9.00000E-01	-1.46441E+04	-4.03194E+03
9.00000E-01	-1.47222E+04	-4.00590E+03
9.00000E-01	-1.29703E+04	-2.17885E+03
9.00000E-01	-9.43469E+03	1.54900E+03
5.00000E-01	1.14060E+04	1.90450E+04
6.00000E-01	9.25349E+03	1.76160E+04
7.00000E-01	4.47706E+03	1.36392E+04
8.00000E-01	-2.86376E+03	7.01489E+03
6.00000E-01	7.39810E+03	1.60783E+04
7.00000E-01	2.62503E+03	1.19559E+04
8.00000E-01	-4.75022E+03	5.28577E+03
7.00000E-01	2.57799E+03	1.21735E+04
8.00000E-01	-4.79390E+03	5.35766E+03
8.00000E-01	-3.04537E+03	7.33035E+03
9.00000E-01	-1.46441E+04	-4.03194E+03
9.00000E-01	-1.47222E+04	-4.00590E+03
9.00000E-01	-1.29703E+04	-2.17885E+03
9.00000E-01	-9.43469E+03	1.54900E+03
9.00000E-01	-4.06982E+03	6.56559E+03
5.00000E-01	9.59878E+03	1.70410E+04
6.00000E-01	7.39810E+03	1.60783E+04
7.00000E-01	2.62503E+03	1.19559E+04
8.00000E-01	-4.75022E+03	5.28577E+03
6.00000E-01	7.39922E+03	1.58295E+04
7.00000E-01	2.57799E+03	1.21735E+04
8.00000E-01	-4.79390E+03	5.35766E+03
7.00000E-01	4.37468E+03	1.36798E+04
8.00000E-01	-3.04537E+03	7.33035E+03
8.00000E-01	5.38412E+02	1.05918E+04
1.00000E+00	-1.50965E+04	-5.09446E+03
1.00000E+00	-2.09398E+04	-1.05488E+04
1.00000E+00	-2.48323E+04	-1.41816E+04
1.00000E+00	-2.68269E+04	-1.60014E+04
1.00000E+00	-2.69539E+04	-1.60170E+04
1.00000E+00	4.18963E+02	1.31439E+04
1.00000E+00	-5.35198E+02	1.22007E+04
1.00000E+00	-3.17237E+03	8.68081E+03
1.00000E+00	-8.02906E+03	3.05818E+03
1.00000E+00	-7.05635E+03	5.72360E+03
1.00000E+00	-9.65271E+03	2.44410E+03
1.00000E+00	-1.42771E+04	-2.87703E+03
1.00000E+00	-1.41767E+04	-1.95015E+03
1.00000E+00	-1.85727E+04	-6.99023E+03
1.00000E+00	-2.09654E+04	-9.28350E+03
1.00000E+00	-2.09398E+04	-1.05488E+04
1.00000E+00	-2.48323E+04	-1.41816E+04
1.00000E+00	-2.68269E+04	-1.60014E+04
1.00000E+00	-2.69539E+04	-1.60170E+04
1.00000E+00	-2.52364E+04	-1.42358E+04
1.00000E+00	-5.85273E+03	6.77629E+03
1.00000E+00	-7.05635E+03	5.72360E+03
1.00000E+00	-9.65271E+03	2.44410E+03
1.00000E+00	-1.42771E+04	-2.87703E+03
1.00000E+00	-1.15851E+04	1.04688E+03
1.00000E+00	-1.41767E+04	-1.95015E+03
1.00000E+00	-1.85727E+04	-6.99023E+03
1.00000E+00	-1.67970E+04	-4.45523E+03
1.00000E+00	-2.09654E+04	-9.28350E+03
1.00000E+00	-2.14824E+04	-9.75243E+03
1.00000E+00	-2.48323E+04	-1.41816E+04
1.00000E+00	-2.68269E+04	-1.60014E+04
1.00000E+00	-2.69539E+04	-1.60170E+04
1.00000E+00	-2.52364E+04	-1.42358E+04
1.00000E+00	-2.16974E+04	-1.06536E+04
1.00000E+00	-1.01406E+04	2.21857E+03
1.00000E+00	-1.15851E+04	1.04688E+03
1.00000E+00	-1.41767E+04	-1.95015E+03
1.00000E+00	-1.85727E+04	-6.99023E+03
1.00000E+00	-1.41503E+04	-1.80680E+03
1.00000E+00	-1.67970E+04	-4.45523E+03
1.00000E+00	-2.09654E+04	-9.28350E+03
1.00000E+00	-1.75359E+04	-5.28694E+03
1.00000E+00	-2.14824E+04	-9.75243E+03
1.00000E+00	-2.01483E+04	-8.35712E+03
1.00000E+00	-2.68269E+04	-1.60014E+04
1.00000E+00	-2.69539E+04	-1.60170E+04
1.00000E+00	-2.52364E+04	-1.42358E+04
1.00000E+00	-2.16974E+04	-1.06536E+04
1.00000E+00	-1.63807E+04	-5.17060E+03
1.00000E+00	-1.24688E+04	-5.29247E+02
1.00000E+00	-1.41503E+04	-1.80680E+03
1.00000E+00	-1.67970E+04	-4.45523E+03
1.00000E+00	-2.09654E+04	-9.28350E+03
1.00000E+00	-1.47496E+04	-2.82709E+03
1.00000E+00	-1.75359E+04	-5.28694E+03
1.00000E+00	-2.14824E+04	-9.75243E+03
1.00000E+00	-1.63257E+04	-4.45616E+03
1.00000E+00	-2.01483E+04	-8.35712E+03
1.00000E+00	-1.69915E+04	-5.26644E+03
1.00000E+00	-2.69539E+04	-1.60170E+04
1.00000E+00	-2.52364E+04	-1.42358E+04
1.00000E+00	-2.16974E+04	-1.06536E+04
1.00000E+00	-1.63807E+04	-5.17060E+03
1.00000E+00	-9.23924E+03	1.60115E+03
1.00000E+00	-1.28131E+04	-1.46717E+03
1.00000E+00	-1.47496E+04	-2.82709E+03
1.00000E+00	-1.75359E+04	-5.28694E+03
1.00000E+00	-2.14824E+04	-9.75243E+03
1.00000E+00	-1.33495E+04	-2.00994E+03
1.00000E+00	-1.63257E+04	-4.45616E+03
1.00000E+00	-2.01483E+04	-8.35712E+03
1.00000E+00	-1.31026E+04	-1.79407E+03
1.00000E+00	-1.69915E+04	-5.26644E+03
1.00000E+00	-1.18602E+04	-6.47462E+02
1.00000E+00	4.18963E+02	1.31439E+04
1.00000E+00	-5.85273E+03	6.77629E+03
1.00000E+00	-1.01406E+04	2.21857E+03
1.00000E+00	-1.24688E+04	-5.29247E+02
1.00000E+00	-1.28131E+04	-1.46717E+03
1.00000E+00	-6.33635E+03	4.84044E+03
1.00000E+00	-3.10888E+03	8.66337E+03
1.00000E+00	-8.83892E+02	1.13276E+04
1.00000E+00	2.97261E+02	1.28250E+04
1.00000E+00	-8.29462E+03	2.98849E+03
1.00000E+00	-6.49811E+03	5.39303E+03
1.00000E+00	-5.67159E+03	6.65622E+03
1.00000E+00	-1.01198E+04	1.20459E+03
1.00000E+00	-9.66369E+03	2.26847E+03
1.00000E+00	-1.16790E+04	-3.38170E+02
1.00000E+00	-5.35198E+02	1.22007E+04
1.00000E+00	-7.05635E+03	5.72360E+03
1.00000E+00	-1.15851E+04	1.04688E+03
1.00000E+00	-1.41503E+04	-1.80680E+03
1.00000E+00	-1.47496E+04	-2.82709E+03
1.00000E+00	-3.10888E+03	8.66337E+03
1.00000E+00	-8.83892E+02	1.13276E+04
1.00000E+00	2.97261E+02	1.28250E+04
1.00000E+00	4.18963E+02	1.31439E+04
1.00000E+00	-6.49811E+03	5.39303E+03
1.00000E+00	-5.67159E+03	6.65622E+03
1.00000E+00	-5.85273E+03	6.77629E+03
1.00000E+00	-9.66369E+03	2.26847E+03
1.00000E+00	-1.01406E+04	2.21857E+03
1.00000E+00	-1.24688E+04	-5.29247E+02
1.00000E+00	-3.17237E+03	8.68081E+03
1.00000E+00	-9.65271E+03	2.44410E+03
1.00000E+00	-1.41767E+04	-1.95015E+03
1.00000E+00	-1.67970E+04	-4.45523E+03
1.00000E+00	-1.75359E+04	-5.28694E+03
1.00000E+00	-8.83892E+02	1.13276E+04
1.00000E+00	2.97261E+02	1.28250E+04
1.00000E+00	4.18963E+02	1.31439E+04
1.00000E+00	-5.35198E+02	1.22007E+04
1.00000E+00	-5.67159E+03	6.65622E+03
1.00000E+00	-5.85273E+03	6.77629E+03
1.00000E+00	-7.05635E+03	5.72360E+03
1.00000E+00	-1.01406E+04	2.21857E+03
1.00000E+00	-1.15851E+04	1.04688E+03
1.00000E+00	-1.41503E+04	-1.80680E+03
1.00000E+00	-8.02906E+03	3.05818E+03
1.00000E+00	-1.42771E+04	-2.87703E+03
1.00000E+00	-1.85727E+04	-6.99023E+03
1.00000E+00	-2.09654E+04	-9.28350E+03
1.00000E+00	-2.14824E+04	-9.75243E+03
1.00000E+00	2.97261E+02	1.28250E+04
1.00000E+00	4.18963E+02	1.31439E+04
1.00000E+00	-5.35198E+02	1.22007E+04
1.00000E+00	-3.17237E+03	8.68081E+03
1.00000E+00	-5.85273E+03	6.77629E+03
1.00000E+00	-7.05635E+03	5.72360E+03
1.00000E+00	-9.65271E+03	2.44410E+03
1.00000E+00	-1.15851E+04	1.04688E+03
1.00000E+00	-1.41767E+04	-1.95015E+03
1.00000E+00	-1.67970E+04	-4.45523E+03
1.00000E+00	-7.05635E+03	5.72360E+03
1.00000E+00	-1.15851E+04	1.04688E+03
1.00000E+00	-1.41503E+04	-1.80680E+03
1.00000E+00	-1.47496E+04	-2.82709E+03
1.00000E+00	-1.33495E+04	-2.00994E+03
1.00000E+00	-8.29462E+03	2.98849E+03
1.00000E+00	-6.49811E+03	5.39303E+03
1.00000E+00	-5.67159E+03	6.65622E+03
1.00000E+00	-5.85273E+03	6.77629E+03
1.00000E+00	-1.01198E+04	1.20459E+03
1.00000E+00	-9.66369E+03	2.26847E+03
1.00000E+00	-1.01406E+04	2.21857E+03
1.00000E+00	-1.16790E+04	-3.38170E+02
1.00000E+00	-1.24688E+04	-5.29247E+02
1.00000E+00	-1.28131E+04	-1.46717E+03
1.00000E+00	-9.65271E+03	2.44410E+03
1.00000E+00	-1.41767E+04	-1.95015E+03
1.00000E+00	-1.67970E+04	-4.45523E+03
1.00000E+00	-1.75359E+04	-5.28694E+03
1.00000E+00	-1.63257E+04	-4.45616E+03
1.00000E+00	-6.49811E+03	5.39303E+03
1.00000E+00	-5.67159E+03	6.65622E+03
1.00000E+00	-5.85273E+03	6.77629E+03
1.00000E+00	-7.05635E+03	5.72360E+03
1.00000E+00	-9.66369E+03	2.26847E+03
1.00000E+00	-1.01406E+04	2.21857E+03
1.00000E+00	-1.15851E+04	1.04688E+03
1.00000E+00	-1.24688E+04	-5.29247E+02
1.00000E+00	-1.41503E+04	-1.80680E+03
1.00000E+00	-1.47496E+04	-2.82709E+03
1.00000E+00	-1.42771E+04	-2.87703E+03
1.00000E+00	-1.85727E+04	-6.99023E+03
1.00000E+00	-2.09654E+04	-9.28350E+03
1.00000E+00	-2.14824E+04	-9.75243E+03
1.00000E+00	-2.01483E+04	-8.35712E+03
1.00000E+00	-5.67159E+03	6.65622E+03
1.00000E+00	-5.85273E+03	6.77629E+03
1.00000E+00	-7.05635E+03	5.72360E+03
1.00000E+00	-9.65271E+03	2.44410E+03
1.00000E+00	-1.01406E+04	2.21857E+03
1.00000E+00	-1.15851E+04	1.04688E+03
1.00000E+00	-1.41767E+04	-1.95015E+03
1.00000E+00	-1.41503E+04	-1.80680E+03
1.00000E+00	-1.67970E+04	-4.45523E+03
1.00000E+00	-1.75359E+04	-5.28694E+03
1.00000E+00	-1.41767E+04	-1.95015E+03
1.00000E+00	-1.67970E+04	-4.45523E+03
1.00000E+00	-1.75359E+04	-5.28694E+03
1.00000E+00	-1.63257E+04	-4.45616E+03
1.00000E+00	-1.31026E+04	-1.79407E+03
1.00000E+00	-1.01198E+04	1.20459E+03
1.00000E+00	-9.66369E+03	2.26847E+03
1.00000E+00	-1.01406E+04	2.21857E+03
1.00000E+00	-1.15851E+04	1.04688E+03
1.00000E+00	-1.16790E+04	-3.38170E+02
1.00000E+00	-1.24688E+04	-5.29247E+02
1.00000E+00	-1.41503E+04	-1.80680E+03
1.00000E+00	-1.28131E+04	-1.46717E+03
1.00000E+00	-1.47496E+04	-2.82709E+03
1.00000E+00	-1.33495E+04	-2.00994E+03
1.00000E+00	-1.85727E+04	-6.99023E+03
1.00000E+00	-2.09654E+04	-9.28350E+03
1.00000E+00	-2.14824E+04	-9.75243E+03
1.00000E+00	-2.01483E+04	-8.35712E+03
1.00000E+00	-1.69915E+04	-5.26644E+03
1.00000E+00	-9.66369E+03	2.26847E+03
1.00000E+00	-1.01406E+04	2.21857E+03
1.00000E+00	-1.15851E+04	1.04688E+03
1.00000E+00	-1.41767E+04	-1.95015E+03
1.00000E+00	-1.24688E+04	-5.29247E+02
1.00000E+00	-1.41503E+04	-1.80680E+03
1.00000E+00	-1.67970E+04	-4.45523E+03
1.00000E+00	-1.47496E+04	-2.82709E+03
1.00000E+00	-1.75359E+04	-5.28694E+03
1.00000E+00	-1.63257E+04	-4.45616E+03
1.00000E+00	-2.09654E+04	-9.28350E+03
1.00000E+00	-2.14824E+04	-9.75243E+03
1.00000E+00	-2.01483E+04	-8.35712E+03
1.00000E+00	-1.69915E+04	-5.26644E+03
1.00000E+00	-1.18602E+04	-6.47462E+02
1.00000E+00	-1.16790E+04	-3.38170E+02
1.00000E+00	-1.24688E+04	-5.29247E+02
1.00000E+00	-1.41503E+04	-1.80680E+03
1.00000E+00	-1.67970E+04	-4.45523E+03
1.00000E+00	-1.28131E+04	-1.46717E+03
1.00000E+00	-1.47496E+04	-2.82709E+03
1.00000E+00	-1.75359E+04	-5.28694E+03
1.00000E+00	-1.33495E+04	-2.00994E+03
1.00000E+00	-1.63257E+04	-4.45616E+03
1.00000E+00	-1.31026E+04	-1.79407E+03
1.00000E+00	-1.20715E+04	-3.67324E+03
1.00000E+00	-1.58599E+04	-6.59155E+03
1.00000E+00	-1.80709E+04	-8.12083E+03
1.00000E+00	-1.89164E+04	-8.42944E+03
1.00000E+00	-1.87466E+04	-7.88791E+03
6.00000E-01	1.33343E+04	2.04063E+04
7.00000E-01	9.71621E+03	1.73661E+04
8.00000E-01	4.20515E+03	1.23323E+04
9.00000E-01	-3.14055E+03	5.30702E+03
7.00000E-01	6.38276E+03	1.47729E+04
8.00000E-01	7.85954E+02	9.68950E+03
9.00000E-01	-6.70422E+03	2.56752E+03
8.00000E-01	-1.29953E+03	8.20428E+03
9.00000E-01	-8.81611E+03	1.09193E+03
9.00000E-01	-9.72635E+03	6.66314E+02
1.00000E+00	-1.58599E+04	-6.59155E+03
1.00000E+00	-1.80709E+04	-8.12083E+03
1.00000E+00	-1.89164E+04	-8.42944E+03
1.00000E+00	-1.87466E+04	-7.88791E+03
1.00000E+00	-1.75167E+04	-6.46116E+03
6.00000E-01	1.00540E+04	1.78084E+04
7.00000E-01	6.38276E+03	1.47729E+04
8.00000E-01	7.85954E+02	9.68950E+03
9.00000E-01	-6.70422E+03	2.56752E+03
7.00000E-01	4.31157E+03	1.32663E+04
8.00000E-01	-1.29953E+03	8.20428E+03
9.00000E-01	-8.81611E+03	1.09193E+03
8.00000E-01	-2.22262E+03	7.68211E+03
9.00000E-01	-9.72635E+03	6.66314E+02
9.00000E-01	-9.56101E+03	1.10625E+03
1.00000E+00	-1.80709E+04	-8.12083E+03
1.00000E+00	-1.89164E+04	-8.42944E+03
1.00000E+00	-1.87466E+04	-7.88791E+03
1.00000E+00	-1.75167E+04	-6.46116E+03
1.00000E+00	-1.50065E+04	-3.88964E+03
6.00000E-01	8.03410E+03	1.62008E+04
7.00000E-01	4.31157E+03	1.32663E+04
8.00000E-01	-1.29953E+03	8.20428E+03
9.00000E-01	-8.81611E+03	1.09193E+03
7.00000E-01	3.43896E+03	1.26752E+04
8.00000E-01	-2.22262E+03	7.68211E+03
9.00000E-01	-9.72635E+03	6.66314E+02
8.00000E-01	-1.98177E+03	8.09578E+03
9.00000E-01	-9.56101E+03	1.10625E+03
9.00000E-01	-8.20379E+03	2.57839E+03
1.00000E+00	-1.89164E+04	-8.42944E+03
1.00000E+00	-1.87466E+04	-7.88791E+03
1.00000E+00	-1.75167E+04	-6.46116E+03
1.00000E+00	-1.50065E+04	-3.88964E+03
1.00000E+00	-1.12089E+04	-1.81349E+02
6.00000E-01	7.25048E+03	1.55837E+04
7.00000E-01	3.43896E+03	1.26752E+04
8.00000E-01	-2.22262E+03	7.68211E+03
9.00000E-01	-9.72635E+03	6.66314E+02
7.00000E-01	3.78587E+03	1.31022E+04
8.00000E-01	-1.98177E+03	8.09578E+03
9.00000E-01	-9.56101E+03	1.10625E+03
8.00000E-01	-4.96503E+02	9.61409E+03
9.00000E-01	-8.20379E+03	2.57839E+03
9.00000E-01	-5.56250E+03	5.19299E+03
1.00000E+00	-1.87466E+04	-7.88791E+03
1.00000E+00	-1.75167E+04	-6.46116E+03
1.00000E+00	-1.50065E+04	-3.88964E+03
1.00000E+00	-1.12089E+04	-1.81349E+02
1.00000E+00	-6.23206E+03	4.49159E+03
6.00000E-01	7.72894E+03	1.59661E+04
7.00000E-01	3.78587E+03	1.31022E+04
8.00000E-01	-1.98177E+03	8.09578E+03
9.00000E-01	-9.56101E+03	1.10625E+03
7.00000E-01	5.38480E+03	1.45420E+04
8.00000E-01	-4.96503E+02	9.61409E+03
9.00000E-01	-8.20379E+03	2.57839E+03
8.00000E-01	2.22829E+03	1.21765E+04
9.00000E-01	-5.56250E+03	5.19299E+03
9.00000E-01	-1.70394E+03	8.85262E+03
6.00000E-01	1.33343E+04	2.04063E+04
6.00000E-01	1.00540E+04	1.78084E+04
6.00000E-01	8.03410E+03	1.62008E+04
6.00000E-01	7.25048E+03	1.55837E+04
6.00000E-01	7.72894E+03	1.59661E+04
2.00000E-01	8.93403E+03	1.22741E+04
3.00000E-01	1.28190E+04	1.73133E+04
4.00000E-01	1.48702E+04	2.03522E+04
5.00000E-01	1.50474E+04	2.13886E+04
3.00000E-01	9.82388E+03	1.46047E+04
4.00000E-01	1.17417E+04	1.76776E+04
5.00000E-01	1.18315E+04	1.87488E+04
4.00000E-01	9.94175E+03	1.59969E+04
5.00000E-01	9.89830E+03	1.71026E+04
5.00000E-01	9.24788E+03	1.64508E+04
7.00000E-01	9.71621E+03	1.73661E+04
7.00000E-01	6.38276E+03	1.47729E+04
7.00000E-01	4.31157E+03	1.32663E+04
7.00000E-01	3.43896E+03	1.26752E+04
7.00000E-01	3.78587E+03	1.31022E+04
3.00000E-01	1.28190E+04	1.73133E+04
4.00000E-01	1.48702E+04	2.03522E+04
5.00000E-01	1.50474E+04	2.13886E+04
6.00000E-01	1.33343E+04	2.04063E+04
4.00000E-01	1.17417E+04	1.76776E+04
5.00000E-01	1.18315E+04	1.87488E+04
6.00000E-01	1.00540E+04	1.78084E+04
5.00000E-01	9.89830E+03	1.71026E+04
6.00000E-01	8.03410E+03	1.62008E+04
6.00000E-01	7.25048E+03	1.55837E+04
8.00000E-01	4.20515E+03	1.23323E+04
8.00000E-01	7.85954E+02	9.68950E+03
8.00000E-01	-1.29953E+03	8.20428E+03
8.00000E-01	-2.22262E+03	7.68211E+03
8.00000E-01	-1.98177E+03	8.09578E+03
4.00000E-01	1.48702E+04	2.03522E+04
5.00000E-01	1.50474E+04	2.13886E+04
6.00000E-01	1.33343E+04	2.04063E+04
7.00000E-01	9.71621E+03	1.73661E+04
5.00000E-01	1.18315E+04	1.87488E+04
6.00000E-01	1.00540E+04	1.78084E+04
7.00000E-01	6.38276E+03	1.47729E+04
6.00000E-01	8.03410E+03	1.62008E+04
7.00000E-01	4.31157E+03	1.32663E+04
7.00000E-01	3.43896E+03	1.26752E+04
9.00000E-01	-3.14055E+03	5.30702E+03
9.00000E-01	-6.70422E+03	2.56752E+03
9.00000E-01	-8.81611E+03	1.09193E+03
9.00000E-01	-9.72635E+03	6.66314E+02
9.00000E-01	-9.56101E+03	1.10625E+03
5.00000E-01	1.50474E+04	2.13886E+04
6.00000E-01	1.33343E+04	2.04063E+04
7.00000E-01	9.71621E+03	1.73661E+04
8.00000E-01	4.20515E+03	1.23323E+04
6.00000E-01	1.00540E+04	1.78084E+04
7.00000E-01	6.38276E+03	1.47729E+04
8.00000E-01	7.85954E+02	9.68950E+03
7.00000E-01	4.31157E+03	1.32663E+04
8.00000E-01	-1.29953E+03	8.20428E+03
8.00000E-01	-2.22262E+03	7.68211E+03
7.00000E-01	6.38276E+03	1.47729E+04
7.00000E-01	4.31157E+03	1.32663E+04
7.00000E-01	3.43896E+03	1.26752E+04
7.00000E-01	3.78587E+03	1.31022E+04
7.00000E-01	5.38480E+03	1.45420E+04
3.00000E-01	9.82388E+03	1.46047E+04
4.00000E-01	1.17417E+04	1.76776E+04
5.00000E-01	1.18315E+04	1.87488E+04
6.00000E-01	1.00540E+04	1.78084E+04
4.00000E-01	9.94175E+03	1.59969E+04
5.00000E-01	9.89830E+03	1.71026E+04
6.00000E-01	8.03410E+03	1.62008E+04
5.00000E-01	9.24788E+03	1.64508E+04
6.00000E-01	7.25048E+03	1.55837E+04
6.00000E-01	7.72894E+03	1.59661E+04
8.00000E-01	7.85954E+02	9.68950E+03
8.00000E-01	-1.29953E+03	8.20428E+03
8.00000E-01	-2.22262E+03	7.68211E+03
8.00000E-01	-1.98177E+03	8.09578E+03
8.00000E-01	-4.96503E+02	9.61409E+03
4.00000E-01	1.17417E+04	1.76776E+04
5.00000E-01	1.18315E+04	1.87488E+04
6.00000E-01	1.00540E+04	1.78084E+04
7.00000E-01	6.38276E+03	1.47729E+04
5.00000E-01	9.89830E+03	1.71026E+04
6.00000E-01	8.03410E+03	1.62008E+04
7.00000E-01	4.31157E+03	1.32663E+04
6.00000E-01	7.25048E+03	1.55837E+04
7.00000E-01	3.43896E+03	1.26752E+04
7.00000E-01	3.78587E+03	1.31022E+04
9.00000E-01	-6.70422E+03	2.56752E+03
9.00000E-01	-8.81611E+03	1.09193E+03
9.00000E-01	-9.72635E+03	6.66314E+02
9.00000E-01	-9.56101E+03	1.10625E+03
9.00000E-01	-8.20379E+03	2.57839E+03
5.00000E-01	1.18315E+04	1.87488E+04
6.00000E-01	1.00540E+04	1.78084E+04
7.00000E-01	6.38276E+03	1.47729E+04
8.00000E-01	7.85954E+02	9.68950E+03
6.00000E-01	8.03410E+03	1.62008E+04
7.00000E-01	4.31157E+03	1.32663E+04
8.00000E-01	-1.29953E+03	8.20428E+03
7.00000E-01	3.43896E+03	1.26752E+04
8.00000E-01	-2.22262E+03	7.68211E+03
8.00000E-01	-1.98177E+03	8.09578E+03
8.00000E-01	-1.29953E+03	8.20428E+03
8.00000E-01	-2.22262E+03	7.68211E+03
8.00000E-01	-1.98177E+03	8.09578E+03
8.00000E-01	-4.96503E+02	9.61409E+03
8.00000E-01	2.22829E+03	1.21765E+04
4.00000E-01	9.94175E+03	1.59969E+04
5.00000E-01	9.89830E+03	1.71026E+04
6.00000E-01	8.03410E+03	1.62008E+04
7.00000E-01	4.31157E+03	1.32663E+04
5.00000E-01	9.24788E+03	1.64508E+04
6.00000E-01	7.25048E+03	1.55837E+04
7.00000E-01	3.43896E+03	1.26752E+04
6.00000E-01	7.72894E+03	1.59661E+04
7.00000E-01	3.78587E+03	1.31022E+04
7.00000E-01	5.38480E+03	1.45420E+04
9.00000E-01	-8.81611E+03	1.09193E+03
9.00000E-01	-9.72635E+03	6.66314E+02
9.00000E-01	-9.56101E+03	1.10625E+03
9.00000E-01	-8.20379E+03	2.57839E+03
9.00000E-01	-5.56250E+03	5.19299E+03
5.00000E-01	9.89830E+03	1.71026E+04
6.00000E-01	8.03410E+03	1.62008E+04
7.00000E-01	4.31157E+03	1.32663E+04
8.00000E-01	-1.29953E+03	8.20428E+03
6.00000E-01	7.25048E+03	1.55837E+04
7.00000E-01	3.43896E+03	1.26752E+04
8.00000E-01	-2.22262E+03	7.68211E+03
7.00000E-01	3.78587E+03	1.31022E+04
8.00000E-01	-1.98177E+03	8.09578E+03
8.00000E-01	-4.96503E+02	9.61409E+03
9.00000E-01	-9.72635E+03	6.66314E+02
9.00000E-01	-9.56101E+03	1.10625E+03
9.00000E-01	-8.20379E+03	2.57839E+03
9.00000E-01	-5.56250E+03	5.19299E+03
9.00000E-01	-1.70394E+03	8.85262E+03
5.00000E-01	9.24788E+03	1.64508E+04
6.00000E-01	7.25048E+03	1.55837E+04
7.00000E-01	3.43896E+03	1.26752E+04
8.00000E-01	-2.22262E+03	7.68211E+03
6.00000E-01	7.72894E+03	1.59661E+04
7.00000E-01	3.78587E+03	1.31022E+04
8.00000E-01	-1.98177E+03	8.09578E+03
7.00000E-01	5.38480E+03	1.45420E+04
8.00000E-01	-4.96503E+02	9.61409E+03
8.00000E-01	2.22829E+03	1.21765E+04
1.00000E+00	-1.20715E+04	-3.67324E+03
1.00000E+00	-1.58599E+04	-6.59155E+03
1.00000E+00	-1.80709E+04	-8.12083E+03
1.00000E+00	-1.89164E+04	-8.42944E+03
1.00000E+00	-1.87466E+04	-7.88791E+03
1.00000E+00	-6.80253E+03	3.99779E+03
1.00000E+00	-7.53544E+03	2.91072E+03
1.00000E+00	-8.73918E+03	1.25211E+03
1.00000E+00	-1.03396E+04	-9.59951E+02
1.00000E+00	-1.07874E+04	2.46219E+02
1.00000E+00	-1.21249E+04	-1.45900E+03
1.00000E+00	-1.38969E+04	-3.74404E+03
1.00000E+00	-1.42396E+04	-3.07533E+03
1.00000E+00	-1.60339E+04	-5.29559E+03
1.00000E+00	-1.70005E+04	-5.82856E+03
1.00000E+00	-1.58599E+04	-6.59155E+03
1.00000E+00	-1.80709E+04	-8.12083E+03
1.00000E+00	-1.89164E+04	-8.42944E+03
1.00000E+00	-1.87466E+04	-7.88791E+03
1.00000E+00	-1.75167E+04	-6.46116E+03
1.00000E+00	-9.93256E+03	1.34650E+03
1.00000E+00	-1.07874E+04	2.46219E+02
1.00000E+00	-1.21249E+04	-1.45900E+03
1.00000E+00	-1.38969E+04	-3.74404E+03
1.00000E+00	-1.28712E+04	-1.42583E+03
1.00000E+00	-1.42396E+04	-3.07533E+03
1.00000E+00	-1.60339E+04	-5.29559E+03
1.00000E+00	-1.52547E+04	-3.79139E+03
1.00000E+00	-1.70005E+04	-5.82856E+03
1.00000E+00	-1.69230E+04	-5.52736E+03
1.00000E+00	-1.80709E+04	-8.12083E+03
1.00000E+00	-1.89164E+04	-8.42944E+03
1.00000E+00	-1.87466E+04	-7.88791E+03
1.00000E+00	-1.75167E+04	-6.46116E+03
1.00000E+00	-1.50065E+04	-3.88964E+03
1.00000E+00	-1.19277E+04	-4.40000E+02
1.00000E+00	-1.28712E+04	-1.42583E+03
1.00000E+00	-1.42396E+04	-3.07533E+03
1.00000E+00	-1.60339E+04	-5.29559E+03
1.00000E+00	-1.38507E+04	-2.27651E+03
1.00000E+00	-1.52547E+04	-3.79139E+03
1.00000E+00	-1.70005E+04	-5.82856E+03
1.00000E+00	-1.51687E+04	-3.63436E+03
1.00000E+00	-1.69230E+04	-5.52736E+03
1.00000E+00	-1.56850E+04	-4.22535E+03
1.00000E+00	-1.89164E+04	-8.42944E+03
1.00000E+00	-1.87466E+04	-7.88791E+03
1.00000E+00	-1.75167E+04	-6.46116E+03
1.00000E+00	-1.50065E+04	-3.88964E+03
1.00000E+00	-1.12089E+04	-1.81349E+02
1.00000E+00	-1.28121E+04	-1.36158E+03
1.00000E+00	-1.38507E+04	-2.27651E+03
1.00000E+00	-1.52547E+04	-3.79139E+03
1.00000E+00	-1.70005E+04	-5.82856E+03
1.00000E+00	-1.37047E+04	-2.20327E+03
1.00000E+00	-1.51687E+04	-3.63436E+03
1.00000E+00	-1.69230E+04	-5.52736E+03
1.00000E+00	-1.39010E+04	-2.43548E+03
1.00000E+00	-1.56850E+04	-4.22535E+03
1.00000E+00	-1.31943E+04	-1.81225E+03
1.00000E+00	-1.87466E+04	-7.88791E+03
1.00000E+00	-1.75167E+04	-6.46116E+03
1.00000E+00	-1.50065E+04	-3.88964E+03
1.00000E+00	-1.12089E+04	-1.81349E+02
1.00000E+00	-6.23206E+03	4.49159E+03
1.00000E+00	-1.25599E+04	-1.40924E+03
1.00000E+00	-1.37047E+04	-2.20327E+03
1.00000E+00	-1.51687E+04	-3.63436E+03
1.00000E+00	-1.69230E+04	-5.52736E+03
1.00000E+00	-1.24009E+04	-1.21131E+03
1.00000E+00	-1.39010E+04	-2.43548E+03
1.00000E+00	-1.56850E+04	-4.22535E+03
1.00000E+00	-1.14565E+04	-2.55269E+02
1.00000E+00	-1.31943E+04	-1.81225E+03
1.00000E+00	-9.51768E+03	1.61448E+03
1.00000E+00	-6.80253E+03	3.99779E+03
1.00000E+00	-9.93256E+03	1.34650E+03
1.00000E+00	-1.19277E+04	-4.40000E+02
1.00000E+00	-1.28121E+04	-1.36158E+03
1.00000E+00	-1.25599E+04	-1.40924E+03
1.00000E+00	-8.83948E+03	1.95728E+03
1.00000E+00	-7.59931E+03	3.41960E+03
1.00000E+00	-6.83418E+03	4.24035E+03
1.00000E+00	-6.56844E+03	4.43318E+03
1.00000E+00	-1.01127E+04	8.36176E+02
1.00000E+00	-9.61222E+03	1.61061E+03
1.00000E+00	-9.54435E+03	1.77876E+03
1.00000E+00	-1.12501E+04	-2.13487E+02
1.00000E+00	-1.13946E+04	-3.90511E+01
1.00000E+00	-1.21189E+04	-1.01935E+03
1.00000E+00	-7.53544E+03	2.91072E+03
1.00000E+00	-1.07874E+04	2.46219E+02
1.00000E+00	-1.28712E+04	-1.42583E+03
1.00000E+00	-1.38507E+04	-2.27651E+03
1.00000E+00	-1.37047E+04	-2.20327E+03
1.00000E+00	-7.59931E+03	3.41960E+03
1.00000E+00	-6.83418E+03	4.24035E+03
1.00000E+00	-6.56844E+03	4.43318E+03
1.00000E+00	-6.80253E+03	3.99779E+03
1.00000E+00	-9.61222E+03	1.61061E+03
1.00000E+00	-9.54435E+03	1.77876E+03
1.00000E+00	-9.93256E+03	1.34650E+03
1.00000E+00	-1.13946E+04	-3.90511E+01
1.00000E+00	-1.19277E+04	-4.40000E+02
1.00000E+00	-1.28121E+04	-1.36158E+03
1.00000E+00	-8.73918E+03	1.25211E+03
1.00000E+00	-1.21249E+04	-1.45900E+03
1.00000E+00	-1.42396E+04	-3.07533E+03
1.00000E+00	-1.52547E+04	-3.79139E+03
1.00000E+00	-1.51687E+04	-3.63436E+03
1.00000E+00	-6.83418E+03	4.24035E+03
1.00000E+00	-6.56844E+03	4.43318E+03
1.00000E+00	-6.80253E+03	3.99779E+03
1.00000E+00	-7.53544E+03	2.91072E+03
1.00000E+00	-9.54435E+03	1.77876E+03
1.00000E+00	-9.93256E+03	1.34650E+03
1.00000E+00	-1.07874E+04	2.46219E+02
1.00000E+00	-1.19277E+04	-4.40000E+02
1.00000E+00	-1.28712E+04	-1.42583E+03
1.00000E+00	-1.38507E+04	-2.27651E+03
1.00000E+00	-1.03396E+04	-9.59951E+02
1.00000E+00	-1.38969E+04	-3.74404E+03
1.00000E+00	-1.60339E+04	-5.29559E+03
1.00000E+00	-1.70005E+04	-5.82856E+03
1.00000E+00	-1.69230E+04	-5.52736E+03
1.00000E+00	-6.56844E+03	4.43318E+03
1.00000E+00	-6.80253E+03	3.99779E+03
1.00000E+00	-7.53544E+03	2.91072E+03
1.00000E+00	-8.73918E+03	1.25211E+03
1.00000E+00	-9.93256E+03	1.34650E+03
1.00000E+00	-1.07874E+04	2.46219E+02
1.00000E+00	-1.21249E+04	-1.45900E+03
1.00000E+00	-1.28712E+04	-1.42583E+03
1.00000E+00	-1.42396E+04	-3.07533E+03
1.00000E+00	-1.52547E+04	-3.79139E+03
1.00000E+00	-1.07874E+04	2.46219E+02
1.00000E+00	-1.28712E+04	-1.42583E+03
1.00000E+00	-1.38507E+04	-2.27651E+03
1.00000E+00	-1.37047E+04	-2.20327E+03
1.00000E+00	-1.24009E+04	-1.21131E+03
1.00000E+00	-1.01127E+04	8.36176E+02
1.00000E+00	-9.61222E+03	1.61061E+03
1.00000E+00	-9.54435E+03	1.77876E+03
1.00000E+00	-9.93256E+03	1.34650E+03
1.00000E+00	-1.12501E+04	-2.13487E+02
1.00000E+00	-1.13946E+04	-3.90511E+01
1.00000E+00	-1.19277E+04	-4.40000E+02
1.00000E+00	-1.21189E+04	-1.01935E+03
1.00000E+00	-1.28121E+04	-1.36158E+03
1.00000E+00	-1.25599E+04	-1.40924E+03
1.00000E+00	-1.21249E+04	-1.45900E+03
1.00000E+00	-1.42396E+04	-3.07533E+03
1.00000E+00	-1.52547E+04	-3.79139E+03
1.00000E+00	-1.51687E+04	-3.63436E+03
1.00000E+00	-1.39010E+04	-2.43548E+03
1.00000E+00	-9.61222E+03	1.61061E+03
1.00000E+00	-9.54435E+03	1.77876E+03
1.00000E+00	-9.93256E+03	1.34650E+03
1.00000E+00	-1.07874E+04	2.46219E+02
1.00000E+00	-1.13946E+04	-3.90511E+01
1.00000E+00	-1.19277E+04	-4.40000E+02
1.00000E+00	-1.28712E+04	-1.42583E+03
1.00000E+00	-1.28121E+04	-1.36158E+03
1.00000E+00	-1.38507E+04	-2.27651E+03
1.00000E+00	-1.37047E+04	-2.20327E+03
1.00000E+00	-1.38969E+04	-3.74404E+03
1.00000E+00	-1.60339E+04	-5.29559E+03
1.00000E+00	-1.70005E+04	-5.82856E+03
1.00000E+00	-1.69230E+04	-5.52736E+03
1.00000E+00	-1.56850E+04	-4.22535E+03
1.00000E+00	-9.54435E+03	1.77876E+03
1.00000E+00	-9.93256E+03	1.34650E+03
1.00000E+00	-1.07874E+04	2.46219E+02
1.00000E+00	-1.21249E+04	-1.45900E+03
1.00000E+00	-1.19277E+04	-4.40000E+02
1.00000E+00	-1.28712E+04	-1.42583E+03
1.00000E+00	-1.42396E+04	-3.07533E+03
1.00000E+00	-1.38507E+04	-2.27651E+03
1.00000E+00	-1.52547E+04	-3.79139E+03
1.00000E+00	-1.51687E+04	-3.63436E+03
1.00000E+00	-1.42396E+04	-3.07533E+03
1.00000E+00	-1.52547E+04	-3.79139E+03
1.00000E+00	-1.51687E+04	-3.63436E+03
1.00000E+00	-1.39010E+04	-2.43548E+03
1.00000E+00	-1.14565E+04	-2.55269E+02
1.00000E+00	-1.12501E+04	-2.13487E+02
1.00000E+00	-1.13946E+04	-3.90511E+01
1.00000E+00	-1.19277E+04	-4.40000E+02
1.00000E+00	-1.28712E+04	-1.42583E+03
1.00000E+00	-1.21189E+04	-1.01935E+03
1.00000E+00	-1.28121E+04	-1.36158E+03
1.00000E+00	-1.38507E+04	-2.27651E+03
1.00000E+00	-1.25599E+04	-1.40924E+03
1.00000E+00	-1.37047E+04	-2.20327E+03
1.00000E+00	-1.24009E+04	-1.21131E+03
1.00000E+00	-1.60339E+04	-5.29559E+03
1.00000E+00	-1.70005E+04	-5.82856E+03
1.00000E+00	-1.69230E+04	-5.52736E+03
1.00000E+00	-1.56850E+04	-4.22535E+03
1.00000E+00	-1.31943E+04	-1.81225E+03
1.00000E+00	-1.13946E+04	-3.90511E+01
1.00000E+00	-1.19277E+04	-4.40000E+02
1.00000E+00	-1.28712E+04	-1.42583E+03
1.00000E+00	-1.42396E+04	-3.07533E+03
1.00000E+00	-1.28121E+04	-1.36158E+03
1.00000E+00	-1.38507E+04	-2.27651E+03
1.00000E+00	-1.52547E+04	-3.79139E+03
1.00000E+00	-1.37047E+04	-2.20327E+03
1.00000E+00	-1.51687E+04	-3.63436E+03
1.00000E+00	-1.39010E+04	-2.43548E+03
1.00000E+00	-1.70005E+04	-5.82856E+03
1.00000E+00	-1.69230E+04	-5.52736E+03
1.00000E+00	-1.56850E+04	-4.22535E+03
1.00000E+00	-1.31943E+04	-1.81225E+03
1.00000E+00	-9.51768E+03	1.61448E+03
1.00000E+00	-1.21189E+04	-1.01935E+03
1.00000E+00	-1.28121E+04	-1.36158E+03
1.00000E+00	-1.38507E+04	-2.27651E+03
1.00000E+00	-1.52547E+04	-3.79139E+03
1.00000E+00	-1.25599E+04	-1.40924E+03
1.00000E+00	-1.37047E+04	-2.20327E+03
1.00000E+00	-1.51687E+04	-3.63436E+03
1.00000E+00	-1.24009E+04	-1.21131E+03
1.00000E+00	-1.39010E+04	-2.43548E+03
1.00000E+00	-1.14565E+04	-2.55269E+02
1.00000E-01	3.42610E+03	5.23488E+03
2.00000E-01	6.28753E+03	9.53151E+03
3.00000E-01	8.37250E+03	1.28899E+04
4.00000E-01	9.63974E+03	1.53101E+04
5.00000E-01	1.00735E+04	1.67920E+04
5.00000E-01	1.54695E+04	2.25487E+04
4.00000E-01	1.51432E+04	2.11772E+04
3.00000E-01	1.29722E+04	1.78343E+04
2.00000E-01	8.99627E+03	1.25202E+04
5.00000E-01	1.31088E+04	2.03164E+04
4.00000E-01	1.25355E+04	1.86640E+04
3.00000E-01	1.01920E+04	1.50690E+04
5.00000E-01	1.12754E+04	1.84979E+04
4.00000E-01	1.05871E+04	1.66508E+04
5.00000E-01	1.01416E+04	1.72656E+04
2.00000E-01	6.28753E+03	9.53151E+03
3.00000E-01	8.37250E+03	1.28899E+04
4.00000E-01	9.63974E+03	1.53101E+04
5.00000E-01	1.00735E+04	1.67920E+04
6.00000E-01	9.66953E+03	1.73357E+04
6.00000E-01	1.18746E+04	2.00264E+04
5.00000E-01	1.31088E+04	2.03164E+04
4.00000E-01	1.25355E+04	1.86640E+04
3.00000E-01	1.01920E+04	1.50690E+04
6.00000E-01	1.02307E+04	1.84312E+04
5.00000E-01	1.12754E+04	1.84979E+04
4.00000E-01	1.05871E+04	1.66508E+04
6.00000E-01	9.15453E+03	1.73361E+04
5.00000E-01	1.01416E+04	1.72656E+04
6.00000E-01	8.84248E+03	1.69134E+04
3.00000E-01	8.37250E+03	1.28899E+04
4.00000E-01	9.63974E+03	1.53101E+04
5.00000E-01	1.00735E+04	1.67920E+04
6.00000E-01	9.66953E+03	1.73357E+04
7.00000E-01	8.43208E+03	1.69411E+04
7.00000E-01	7.42008E+03	1.64508E+04
6.00000E-01	1.02307E+04	1.84312E+04
5.00000E-01	1.12754E+04	1.84979E+04
4.00000E-01	1.05871E+04	1.66508E+04
7.00000E-01	6.47594E+03	1.55216E+04
6.00000E-01	9.15453E+03	1.73361E+04
5.00000E-01	1.01416E+04	1.72656E+04
7.00000E-01	6.16397E+03	1.51786E+04
6.00000E-01	8.84248E+03	1.69134E+04
7.00000E-01	6.68959E+03	1.55942E+04
4.00000E-01	9.63974E+03	1.53101E+04
5.00000E-01	1.00735E+04	1.67920E+04
6.00000E-01	9.66953E+03	1.73357E+04
7.00000E-01	8.43208E+03	1.69411E+04
8.00000E-01	6.37691E+03	1.56083E+04
8.00000E-01	2.08185E+03	1.18220E+04
7.00000E-01	6.47594E+03	1.55216E+04
6.00000E-01	9.15453E+03	1.73361E+04
5.00000E-01	1.01416E+04	1.72656E+04
8.00000E-01	1.84446E+03	1.15874E+04
7.00000E-01	6.16397E+03	1.51786E+04
6.00000E-01	8.84248E+03	1.69134E+04
8.00000E-01	2.31266E+03	1.20253E+04
7.00000E-01	6.68959E+03	1.55942E+04
8.00000E-01	3.69624E+03	1.33081E+04
5.00000E-01	1.00735E+04	1.67920E+04
6.00000E-01	9.66953E+03	1.73357E+04
7.00000E-01	8.43208E+03	1.69411E+04
8.00000E-01	6.37691E+03	1.56083E+04
9.00000E-01	3.54527E+03	1.33373E+04
9.00000E-01	-4.11606E+03	6.14002E+03
8.00000E-01	1.84446E+03	1.15874E+04
7.00000E-01	6.16397E+03	1.51786E+04
6.00000E-01	8.84248E+03	1.69134E+04
9.00000E-01	-3.63076E+03	6.62881E+03
8.00000E-01	2.31266E+03	1.20253E+04
7.00000E-01	6.68959E+03	1.55942E+04
9.00000E-01	-2.36209E+03	7.87630E+03
8.00000E-01	3.69624E+03	1.33081E+04
9.00000E-01	-9.78255E+01	1.00550E+04
5.00000E-01	1.54695E+04	2.25487E+04
6.00000E-01	1.18746E+04	2.00264E+04
7.00000E-01	7.42008E+03	1.64508E+04
8.00000E-01	2.08185E+03	1.18220E+04
9.00000E-01	-4.11606E+03	6.14002E+03
9.00000E-01	-1.72603E+03	8.32254E+03
8.00000E-01	5.31345E+03	1.48360E+04
7.00000E-01	1.05479E+04	1.93782E+04
6.00000E-01	1.39377E+04	2.19491E+04
9.00000E-01	-2.66275E+03	7.50119E+03
8.00000E-01	3.96570E+03	1.36188E+04
7.00000E-01	8.82392E+03	1.77938E+04
9.00000E-01	-3.46622E+03	6.74868E+03
8.00000E-01	2.84344E+03	1.25566E+04
9.00000E-01	-4.00372E+03	6.23747E+03
4.00000E-01	1.51432E+04	2.11772E+04
5.00000E-01	1.31088E+04	2.03164E+04
6.00000E-01	1.02307E+04	1.84312E+04
7.00000E-01	6.47594E+03	1.55216E+04
8.00000E-01	1.84446E+03	1.15874E+04
8.00000E-01	5.31345E+03	1.48360E+04
7.00000E-01	1.05479E+04	1.93782E+04
6.00000E-01	1.39377E+04	2.19491E+04
5.00000E-01	1.54695E+04	2.25487E+04
8.00000E-01	3.96570E+03	1.36188E+04
7.00000E-01	8.82392E+03	1.77938E+04
6.00000E-01	1.18746E+04	2.00264E+04
8.00000E-01	2.84344E+03	1.25566E+04
7.00000E-01	7.42008E+03	1.64508E+04
8.00000E-01	2.08185E+03	1.18220E+04
3.00000E-01	1.29722E+04	1.78343E+04
4.00000E-01	1.25355E+04	1.86640E+04
5.00000E-01	1.12754E+04	1.84979E+04
6.00000E-01	9.15453E+03	1.73361E+04
7.00000E-01	6.16397E+03	1.51786E+04
7.00000E-01	1.05479E+04	1.93782E+04
6.00000E-01	1.39377E+04	2.19491E+04
5.00000E-01	1.54695E+04	2.25487E+04
4.00000E-01	1.51432E+04	2.11772E+04
7.00000E-01	8.82392E+03	1.77938E+04
6.00000E-01	1.18746E+04	2.00264E+04
5.00000E-01	1.31088E+04	2.03164E+04
7.00000E-01	7.42008E+03	1.64508E+04
6.00000E-01	1.02307E+04	1.84312E+04
7.00000E-01	6.47594E+03	1.55216E+04
2.00000E-01	8.99627E+03	1.25202E+04
3.00000E-01	1.01920E+04	1.50690E+04
4.00000E-01	1.05871E+04	1.66508E+04
5.00000E-01	1.01416E+04	1.72656E+04
6.00000E-01	8.84248E+03	1.69134E+04
6.00000E-01	1.39377E+04	2.19491E+04
5.00000E-01	1.54695E+04	2.25487E+04
4.00000E-01	1.51432E+04	2.11772E+04
3.00000E-01	1.29722E+04	1.78343E+04
6.00000E-01	1.18746E+04	2.00264E+04
5.00000E-01	1.31088E+04	2.03164E+04
4.00000E-01	1.25355E+04	1.86640E+04
6.00000E-01	1.02307E+04	1.84312E+04
5.00000E-01	1.12754E+04	1.84979E+04
6.00000E-01	9.15453E+03	1.73361E+04
5.00000E-01	1.31088E+04	2.03164E+04
6.00000E-01	1.02307E+04	1.84312E+04
7.00000E-01	6.47594E+03	1.55216E+04
8.00000E-01	1.84446E+03	1.15874E+04
9.00000E-01	-3.63076E+03	6.62881E+03
9.00000E-01	-2.66275E+03	7.50119E+03
8.00000E-01	3.96570E+03	1.36188E+04
7.00000E-01	8.82392E+03	1.77938E+04
6.00000E-01	1.18746E+04	2.00264E+04
9.00000E-01	-3.46622E+03	6.74868E+03
8.00000E-01	2.84344E+03	1.25566E+04
7.00000E-01	7.42008E+03	1.64508E+04
9.00000E-01	-4.00372E+03	6.23747E+03
8.00000E-01	2.08185E+03	1.18220E+04
9.00000E-01	-4.11606E+03	6.14002E+03
4.00000E-01	1.25355E+04	1.86640E+04
5.00000E-01	1.12754E+04	1.84979E+04
6.00000E-01	9.15453E+03	1.73361E+04
7.00000E-01	6.16397E+03	1.51786E+04
8.00000E-01	2.31266E+03	1.20253E+04
8.00000E-01	3.96570E+03	1.36188E+04
7.00000E-01	8.82392E+03	1.77938E+04
6.00000E-01	1.18746E+04	2.00264E+04
5.00000E-01	1.31088E+04	2.03164E+04
8.00000E-01	2.84344E+03	1.25566E+04
7.00000E-01	7.42008E+03	1.64508E+04
6.00000E-01	1.02307E+04	1.84312E+04
8.00000E-01	2.08185E+03	1.18220E+04
7.00000E-01	6.47594E+03	1.55216E+04
8.00000E-01	1.84446E+03	1.15874E+04
3.00000E-01	1.01920E+04	1.50690E+04
4.00000E-01	1.05871E+04	1.66508E+04
5.00000E-01	1.01416E+04	1.72656E+04
6.00000E-01	8.84248E+03	1.69134E+04
7.00000E-01	6.68959E+03	1.55942E+04
7.00000E-01	8.82392E+03	1.77938E+04
6.00000E-01	1.18746E+04	2.00264E+04
5.00000E-01	1.31088E+04	2.03164E+04
4.00000E-01	1.25355E+04	1.86640E+04
7.00000E-01	7.42008E+03	1.64508E+04
6.00000E-01	1.02307E+04	1.84312E+04
5.00000E-01	1.12754E+04	1.84979E+04
7.00000E-01	6.47594E+03	1.55216E+04
6.00000E-01	9.15453E+03	1.73361E+04
7.00000E-01	6.16397E+03	1.51786E+04
5.00000E-01	1.12754E+04	1.84979E+04
6.00000E-01	9.15453E+03	1.73361E+04
7.00000E-01	6.16397E+03	1.51786E+04
8.00000E-01	2.31266E+03	1.20253E+04
9.00000E-01	-2.36209E+03	7.87630E+03
9.00000E-01	-3.46622E+03	6.74868E+03
8.00000E-01	2.84344E+03	1.25566E+04
7.00000E-01	7.42008E+03	1.64508E+04
6.00000E-01	1.02307E+04	1.84312E+04
9.00000E-01	-4.00372E+03	6.23747E+03
8.00000E-01	2.08185E+03	1.18220E+04
7.00000E-01	6.47594E+03	1.55216E+04
9.00000E-01	-4.11606E+03	6.14002E+03
8.00000E-01	1.84446E+03	1.15874E+04
9.00000E-01	-3.63076E+03	6.62881E+03
4.00000E-01	1.05871E+04	1.66508E+04
5.00000E-01	1.01416E+04	1.72656E+04
6.00000E-01	8.84248E+03	1.69134E+04
7.00000E-01	6.68959E+03	1.55942E+04
8.00000E-01	3.69624E+03	1.33081E+04
8.00000E-01	2.84344E+03	1.25566E+04
7.00000E-01	7.42008E+03	1.64508E+04
6.00000E-01	1.02307E+04	1.84312E+04
5.00000E-01	1.12754E+04	1.84979E+04
8.00000E-01	2.08185E+03	1.18220E+04
7.00000E-01	6.47594E+03	1.55216E+04
6.00000E-01	9.15453E+03	1.73361E+04
8.00000E-01	1.84446E+03	1.15874E+04
7.00000E-01	6.16397E+03	1.51786E+04
8.00000E-01	2.31266E+03	1.20253E+04
5.00000E-01	1.01416E+04	1.72656E+04
6.00000E-01	8.84248E+03	1.69134E+04
7.00000E-01	6.68959E+03	1.55942E+04
8.00000E-01	3.69624E+03	1.33081E+04
9.00000E-01	-9.78255E+01	1.00550E+04
9.00000E-01	-4.00372E+03	6.23747E+03
8.00000E-01	2.08185E+03	1.18220E+04
7.00000E-01	6.47594E+03	1.55216E+04
6.00000E-01	9.15453E+03	1.73361E+04
9.00000E-01	-4.11606E+03	6.14002E+03
8.00000E-01	1.84446E+03	1.15874E+04
7.00000E-01	6.16397E+03	1.51786E+04
9.00000E-01	-3.63076E+03	6.62881E+03
8.00000E-01	2.31266E+03	1.20253E+04
9.00000E-01	-2.36209E+03	7.87630E+03
1.00000E+00	-5.26863E+03	3.35582E+03
1.00000E+00	-3.85521E+03	5.84787E+03
1.00000E+00	-2.91921E+03	7.59587E+03
1.00000E+00	-2.61668E+03	7.84317E+03
1.00000E+00	-3.00028E+03	7.57350E+03
6.00000E-01	2.00141E+04	2.72150E+04
7.00000E-01	1.63899E+04	2.42193E+04
8.00000E-01	1.09130E+04	1.92444E+04
9.00000E-01	3.62332E+03	1.22901E+04
7.00000E-01	1.80678E+04	2.67720E+04
8.00000E-01	1.24766E+04	2.17568E+04
9.00000E-01	5.09907E+03	1.47817E+04
8.00000E-01	1.36716E+04	2.35086E+04
9.00000E-01	6.15463E+03	1.65412E+04
9.00000E-01	6.58026E+03	1.68176E+04
1.00000E+00	-3.85521E+03	5.84787E+03
1.00000E+00	-2.91921E+03	7.59587E+03
1.00000E+00	-2.61668E+03	7.84317E+03
1.00000E+00	-3.00028E+03	7.57350E+03
1.00000E+00	-3.77018E+03	6.89955E+03
6.00000E-01	2.18351E+04	2.98252E+04
7.00000E-01	1.80678E+04	2.67720E+04
8.00000E-01	1.24766E+04	2.17568E+04
9.00000E-01	5.09907E+03	1.47817E+04
7.00000E-01	1.94198E+04	2.84402E+04
8.00000E-01	1.36716E+04	2.35086E+04
9.00000E-01	6.15463E+03	1.65412E+04
8.00000E-01	1.42526E+04	2.38885E+04
9.00000E-01	6.58026E+03	1.68176E+04
9.00000E-01	6.43498E+03	1.67516E+04
1.00000E+00	-2.91921E+03	7.59587E+03
1.00000E+00	-2.61668E+03	7.84317E+03
1.00000E+00	-3.00028E+03	7.57350E+03
1.00000E+00	-3.77018E+03	6.89955E+03
1.00000E+00	-4.75184E+03	5.89467E+03
6.00000E-01	2.33608E+04	3.14281E+04
7.00000E-01	1.94198E+04	2.84402E+04
8.00000E-01	1.36716E+04	2.35086E+04
9.00000E-01	6.15463E+03	1.65412E+04
7.00000E-01	2.01992E+04	2.90513E+04
8.00000E-01	1.42526E+04	2.38885E+04
9.00000E-01	6.58026E+03	1.68176E+04
8.00000E-01	1.43826E+04	2.40363E+04
9.00000E-01	6.43498E+03	1.67516E+04
9.00000E-01	5.98893E+03	1.63184E+04
1.00000E+00	-2.61668E+03	7.84317E+03
1.00000E+00	-3.00028E+03	7.57350E+03
1.00000E+00	-3.77018E+03	6.89955E+03
1.00000E+00	-4.75184E+03	5.89467E+03
1.00000E+00	-5.78094E+03	4.68513E+03
6.00000E-01	2.43967E+04	3.23036E+04
7.00000E-01	2.01992E+04	2.90513E+04
8.00000E-01	1.42526E+04	2.38885E+04
9.00000E-01	6.58026E+03	1.68176E+04
7.00000E-01	2.06491E+04	2.94272E+04
8.00000E-01	1.43826E+04	2.40363E+04
9.00000E-01	6.43498E+03	1.67516E+04
8.00000E-01	1.43036E+04	2.38631E+04
9.00000E-01	5.98893E+03	1.63184E+04
9.00000E-01	5.41863E+03	1.56133E+04
1.00000E+00	-3.00028E+03	7.57350E+03
1.00000E+00	-3.77018E+03	6.89955E+03
1.00000E+00	-4.75184E+03	5.89467E+03
1.00000E+00	-5.78094E+03	4.68513E+03
1.00000E+00	-6.67408E+03	3.40498E+03
6.00000E-01	2.52347E+04	3.29238E+04
7.00000E-01	2.06491E+04	2.94272E+04
8.00000E-01	1.43826E+04	2.40363E+04
9.00000E-01	6.43498E+03	1.67516E+04
7.00000E-01	2.10042E+04	2.95338E+04
8.00000E-01	1.43036E+04	2.38631E+04
9.00000E-01	5.98893E+03	1.63184E+04
8.00000E-01	1.42114E+04	2.34784E+04
9.00000E-01	5.41863E+03	1.56133E+04
9.00000E-01	4.91107E+03	1.47660E+04
6.00000E-01	2.00141E+04	2.72150E+04
6.00000E-01	2.18351E+04	2.98252E+04
6.00000E-01	2.33608E+04	3.14281E+04
6.00000E-01	2.43967E+04	3.23036E+04
6.00000E-01	2.52347E+04	3.29238E+04
2.00000E-01	1.59321E+04	1.94061E+04
3.00000E-01	1.97050E+04	2.43274E+04
4.00000E-01	2.16651E+04	2.72692E+04
5.00000E-01	2.17725E+04	2.82317E+04
3.00000E-01	2.21955E+04	2.71706E+04
4.00000E-01	2.38770E+04	3.00309E+04
5.00000E-01	2.37689E+04	3.09131E+04
4.00000E-01	2.58786E+04	3.17076E+04
5.00000E-01	2.55013E+04	3.25248E+04
5.00000E-01	2.68698E+04	3.36435E+04
7.00000E-01	1.63899E+04	2.42193E+04
7.00000E-01	1.80678E+04	2.67720E+04
7.00000E-01	1.94198E+04	2.84402E+04
7.00000E-01	2.01992E+04	2.90513E+04
7.00000E-01	2.06491E+04	2.94272E+04
3.00000E-01	1.97050E+04	2.43274E+04
4.00000E-01	2.16651E+04	2.72692E+04
5.00000E-01	2.17725E+04	2.82317E+04
6.00000E-01	2.00141E+04	2.72150E+04
4.00000E-01	2.38770E+04	3.00309E+04
5.00000E-01	2.37689E+04	3.09131E+04
6.00000E-01	2.18351E+04	2.98252E+04
5.00000E-01	2.55013E+04	3.25248E+04
6.00000E-01	2.33608E+04	3.14281E+04
6.00000E-01	2.43967E+04	3.23036E+04
8.00000E-01	1.09130E+04	1.92444E+04
8.00000E-01	1.24766E+04	2.17568E+04
8.00000E-01	1.36716E+04	2.35086E+04
8.00000E-01	1.42526E+04	2.38885E+04
8.00000E-01	1.43826E+04	2.40363E+04
4.00000E-01	2.16651E+04	2.72692E+04
5.00000E-01	2.17725E+04	2.82317E+04
6.00000E-01	2.00141E+04	2.72150E+04
7.00000E-01	1.63899E+04	2.42193E+04
5.00000E-01	2.37689E+04	3.09131E+04
6.00000E-01	2.18351E+04	2.98252E+04
7.00000E-01	1.80678E+04	2.67720E+04
6.00000E-01	2.33608E+04	3.14281E+04
7.00000E-01	1.94198E+04	2.84402E+04
7.00000E-01	2.01992E+04	2.90513E+04
9.00000E-01	3.62332E+03	1.22901E+04
9.00000E-01	5.09907E+03	1.47817E+04
9.00000E-01	6.15463E+03	1.65412E+04
9.00000E-01	6.58026E+03	1.68176E+04
9.00000E-01	6.43498E+03	1.67516E+04
5.00000E-01	2.17725E+04	2.82317E+04
6.00000E-01	2.00141E+04	2.72150E+04
7.00000E-01	1.63899E+04	2.42193E+04
8.00000E-01	1.09130E+04	1.92444E+04
6.00000E-01	2.18351E+04	2.98252E+04
7.00000E-01	1.80678E+04	2.67720E+04
8.00000E-01	1.24766E+04	2.17568E+04
7.00000E-01	1.94198E+04	2.84402E+04
8.00000E-01	1.36716E+04	2.35086E+04
8.00000E-01	1.42526E+04	2.38885E+04
7.00000E-01	1.80678E+04	2.67720E+04
7.00000E-01	1.94198E+04	2.84402E+04
7.00000E-01	2.01992E+04	2.90513E+04
7.00000E-01	2.06491E+04	2.94272E+04
7.00000E-01	2.10042E+04	2.95338E+04
3.00000E-01	2.21955E+04	2.71706E+04
4.00000E-01	2.38770E+04	3.00309E+04
5.00000E-01	2.37689E+04	3.09131E+04
6.00000E-01	2.18351E+04	2.98252E+04
4.00000E-01	2.58786E+04	3.17076E+04
5.00000E-01	2.55013E+04	3.25248E+04
6.00000E-01	2.33608E+04	3.14281E+04
5.00000E-01	2.68698E+04	3.36435E+04
6.00000E-01	2.43967E+04	3.23036E+04
6.00000E-01	2.52347E+04	3.29238E+04
8.00000E-01	1.24766E+04	2.17568E+04
8.00000E-01	1.36716E+04	2.35086E+04
8.00000E-01	1.42526E+04	2.38885E+04
8.00000E-01	1.43826E+04	2.40363E+04
8.00000E-01	1.43036E+04	2.38631E+04
4.00000E-01	2.38770E+04	3.00309E+04
5.00000E-01	2.37689E+04	3.09131E+04
6.00000E-01	2.18351E+04	2.98252E+04
7.00000E-01	1.80678E+04	2.67720E+04
5.00000E-01	2.55013E+04	3.25248E+04
6.00000E-01	2.33608E+04	3.14281E+04
7.00000E-01	1.94198E+04	2.84402E+04
6.00000E-01	2.43967E+04	3.23036E+04
7.00000E-01	2.01992E+04	2.90513E+04
7.00000E-01	2.06491E+04	2.94272E+04
9.00000E-01	5.09907E+03	1.47817E+04
9.00000E-01	6.15463E+03	1.65412E+04
9.00000E-01	6.58026E+03	1.68176E+04
9.00000E-01	6.43498E+03	1.67516E+04
9.00000E-01	5.98893E+03	1.63184E+04
5.00000E-01	2.37689E+04	3.09131E+04
6.00000E-01	2.18351E+04	2.98252E+04
7.00000E-01	1.80678E+04	2.67720E+04
8.00000E-01	1.24766E+04	2.17568E+04
6.00000E-01	2.33608E+04	3.14281E+04
7.00000E-01	1.94198E+04	2.84402E+04
8.00000E-01	1.36716E+04	2.35086E+04
7.00000E-01	2.01992E+04	2.90513E+04
8.00000E-01	1.42526E+04	2.38885E+04
8.00000E-01	1.43826E+04	2.40363E+04
8.00000E-01	1.36716E+04	2.35086E+04
8.00000E-01	1.42526E+04	2.38885E+04
8.00000E-01	1.43826E+04	2.40363E+04
8.00000E-01	1.43036E+04	2.38631E+04
8.00000E-01	1.42114E+04	2.34784E+04
4.00000E-01	2.58786E+04	3.17076E+04
5.00000E-01	2.55013E+04	3.25248E+04
6.00000E-01	2.33608E+04	3.14281E+04
7.00000E-01	1.94198E+04	2.84402E+04
5.00000E-01	2.68698E+04	3.36435E+04
6.00000E-01	2.43967E+04	3.23036E+04
7.00000E-01	2.01992E+04	2.90513E+04
6.00000E-01	2.52347E+04	3.29238E+04
7.00000E-01	2.06491E+04	2.94272E+04
7.00000E-01	2.10042E+04	2.95338E+04
9.00000E-01	6.15463E+03	1.65412E+04
9.00000E-01	6.58026E+03	1.68176E+04
9.00000E-01	6.43498E+03	1.67516E+04
9.00000E-01	5.98893E+03	1.63184E+04
9.00000E-01	5.41863E+03	1.56133E+04
5.00000E-01	2.55013E+04	3.25248E+04
6.00000E-01	2.33608E+04	3.14281E+04
7.00000E-01	1.94198E+04	2.84402E+04
8.00000E-01	1.36716E+04	2.35086E+04
6.00000E-01	2.43967E+04	3.23036E+04
7.00000E-01	2.01992E+04	2.90513E+04
8.00000E-01	1.42526E+04	2.38885E+04
7.00000E-01	2.06491E+04	2.94272E+04
8.00000E-01	1.43826E+04	2.40363E+04
8.00000E-01	1.43036E+04	2.38631E+04
9.00000E-01	6.58026E+03	1.68176E+04
9.00000E-01	6.43498E+03	1.67516E+04
9.00000E-01	5.98893E+03	1.63184E+04
9.00000E-01	5.41863E+03	1.56133E+04
9.00000E-01	4.91107E+03	1.47660E+04
5.00000E-01	2.68698E+04	3.36435E+04
6.00000E-01	2.43967E+04	3.23036E+04
7.00000E-01	2.01992E+04	2.90513E+04
8.00000E-01	1.42526E+04	2.38885E+04
6.00000E-01	2.52347E+04	3.29238E+04
7.00000E-01	2.06491E+04	2.94272E+04
8.00000E-01	1.43826E+04	2.40363E+04
7.00000E-01	2.10042E+04	2.95338E+04
8.00000E-01	1.43036E+04	2.38631E+04
8.00000E-01	1.42114E+04	2.34784E+04
1.00000E+00	-5.26863E+03	3.35582E+03
1.00000E+00	-3.85521E+03	5.84787E+03
1.00000E+00	-2.91921E+03	7.59587E+03
1.00000E+00	-2.61668E+03	7.84317E+03
1.00000E+00	-3.00028E+03	7.57350E+03
1.00000E+00	-2.69823E+02	1.08631E+04
1.00000E+00	-9.29086E+02	9.84885E+03
1.00000E+00	-2.04754E+03	8.24902E+03
1.00000E+00	-3.56959E+03	6.07940E+03
1.00000E+00	8.50240E+02	1.25061E+04
1.00000E+00	-4.08643E+02	1.08383E+04
1.00000E+00	-2.05216E+03	8.61365E+03
1.00000E+00	8.94221E+02	1.28576E+04
1.00000E+00	-9.38079E+02	1.05116E+04
1.00000E+00	-1.84641E+02	1.16709E+04
1.00000E+00	-3.85521E+03	5.84787E+03
1.00000E+00	-2.91921E+03	7.59587E+03
1.00000E+00	-2.61668E+03	7.84317E+03
1.00000E+00	-3.00028E+03	7.57350E+03
1.00000E+00	-3.77018E+03	6.89955E+03
1.00000E+00	1.67135E+03	1.36011E+04
1.00000E+00	8.50240E+02	1.25061E+04
1.00000E+00	-4.08643E+02	1.08383E+04
1.00000E+00	-2.05216E+03	8.61365E+03
1.00000E+00	2.36220E+03	1.46541E+04
1.00000E+00	8.94221E+02	1.28576E+04
1.00000E+00	-9.38079E+02	1.05116E+04
1.00000E+00	1.94591E+03	1.44159E+04
1.00000E+00	-1.84641E+02	1.16709E+04
1.00000E+00	9.11105E+01	1.17550E+04
1.00000E+00	-2.91921E+03	7.59587E+03
1.00000E+00	-2.61668E+03	7.84317E+03
1.00000E+00	-3.00028E+03	7.57350E+03
1.00000E+00	-3.77018E+03	6.89955E+03
1.00000E+00	-4.75184E+03	5.89467E+03
1.00000E+00	3.41816E+03	1.58906E+04
1.00000E+00	2.36220E+03	1.46541E+04
1.00000E+00	8.94221E+02	1.28576E+04
1.00000E+00	-9.38079E+02	1.05116E+04
1.00000E+00	3.69935E+03	1.64186E+04
1.00000E+00	1.94591E+03	1.44159E+04
1.00000E+00	-1.84641E+02	1.16709E+04
1.00000E+00	2.82826E+03	1.54504E+04
1.00000E+00	9.11105E+01	1.17550E+04
1.00000E+00	6.84407E+01	1.17092E+04
1.00000E+00	-2.61668E+03	7.84317E+03
1.00000E+00	-3.00028E+03	7.57350E+03
1.00000E+00	-3.77018E+03	6.89955E+03
1.00000E+00	-4.75184E+03	5.89467E+03
1.00000E+00	-5.78094E+03	4.68513E+03
1.00000E+00	5.07198E+03	1.78568E+04
1.00000E+00	3.69935E+03	1.64186E+04
1.00000E+00	1.94591E+03	1.44159E+04
1.00000E+00	-1.84641E+02	1.16709E+04
1.00000E+00	4.98609E+03	1.79200E+04
1.00000E+00	2.82826E+03	1.54504E+04
1.00000E+00	9.11105E+01	1.17550E+04
1.00000E+00	3.55264E+03	1.58475E+04
1.00000E+00	6.84407E+01	1.17092E+04
1.00000E+00	-4.10838E+01	1.14660E+04
1.00000E+00	-3.00028E+03	7.57350E+03
1.00000E+00	-3.77018E+03	6.89955E+03
1.00000E+00	-4.75184E+03	5.89467E+03
1.00000E+00	-5.78094E+03	4.68513E+03
1.00000E+00	-6.67408E+03	3.40498E+03
1.00000E+00	6.78227E+03	1.96253E+04
1.00000E+00	4.98609E+03	1.79200E+04
1.00000E+00	2.82826E+03	1.54504E+04
1.00000E+00	9.11105E+01	1.17550E+04
1.00000E+00	6.37466E+03	1.92530E+04
1.00000E+00	3.55264E+03	1.58475E+04
1.00000E+00	6.84407E+01	1.17092E+04
1.00000E+00	4.31151E+03	1.62832E+04
1.00000E+00	-4.10838E+01	1.14660E+04
1.00000E+00	-5.02293E+01	1.11278E+04
1.00000E+00	-2.69823E+02	1.08631E+04
1.00000E+00	1.67135E+03	1.36011E+04
1.00000E+00	3.41816E+03	1.58906E+04
1.00000E+00	5.07198E+03	1.78568E+04
1.00000E+00	6.78227E+03	1.96253E+04
1.00000E+00	-2.59600E+03	8.74006E+03
1.00000E+00	-1.27288E+03	1.02289E+04
1.00000E+00	-4.32614E+02	1.10684E+04
1.00000E+00	-9.91016E+01	1.12746E+04
1.00000E+00	1.35550E+03	1.32678E+04
1.00000E+00	1.91785E+03	1.40035E+04
1.00000E+00	2.02977E+03	1.41067E+04
1.00000E+00	4.26019E+03	1.66032E+04
1.00000E+00	4.04611E+03	1.65505E+04
1.00000E+00	6.07532E+03	1.87313E+04
1.00000E+00	-9.29086E+02	9.84885E+03
1.00000E+00	8.50240E+02	1.25061E+04
1.00000E+00	2.36220E+03	1.46541E+04
1.00000E+00	3.69935E+03	1.64186E+04
1.00000E+00	4.98609E+03	1.79200E+04
1.00000E+00	-1.27288E+03	1.02289E+04
1.00000E+00	-4.32614E+02	1.10684E+04
1.00000E+00	-9.91016E+01	1.12746E+04
1.00000E+00	-2.69823E+02	1.08631E+04
1.00000E+00	1.91785E+03	1.40035E+04
1.00000E+00	2.02977E+03	1.41067E+04
1.00000E+00	1.67135E+03	1.36011E+04
1.00000E+00	4.04611E+03	1.65505E+04
1.00000E+00	3.41816E+03	1.58906E+04
1.00000E+00	5.07198E+03	1.78568E+04
1.00000E+00	-2.04754E+03	8.24902E+03
1.00000E+00	-4.08643E+02	1.08383E+04
1.00000E+00	8.94221E+02	1.28576E+04
1.00000E+00	1.94591E+03	1.44159E+04
1.00000E+00	2.82826E+03	1.54504E+04
1.00000E+00	-4.32614E+02	1.10684E+04
1.00000E+00	-9.91016E+01	1.12746E+04
1.00000E+00	-2.69823E+02	1.08631E+04
1.00000E+00	-9.29086E+02	9.84885E+03
1.00000E+00	2.02977E+03	1.41067E+04
1.00000E+00	1.67135E+03	1.36011E+04
1.00000E+00	8.50240E+02	1.25061E+04
1.00000E+00	3.41816E+03	1.58906E+04
1.00000E+00	2.36220E+03	1.46541E+04
1.00000E+00	3.69935E+03	1.64186E+04
1.00000E+00	-3.56959E+03	6.07940E+03
1.00000E+00	-2.05216E+03	8.61365E+03
1.00000E+00	-9.38079E+02	1.05116E+04
1.00000E+00	-1.84641E+02	1.16709E+04
1.00000E+00	9.11105E+01	1.17550E+04
1.00000E+00	-9.91016E+01	1.12746E+04
1.00000E+00	-2.69823E+02	1.08631E+04
1.00000E+00	-9.29086E+02	9.84885E+03
1.00000E+00	-2.04754E+03	8.24902E+03
1.00000E+00	1.67135E+03	1.36011E+04
1.00000E+00	8.50240E+02	1.25061E+04
1.00000E+00	-4.08643E+02	1.08383E+04
1.00000E+00	2.36220E+03	1.46541E+04
1.00000E+00	8.94221E+02	1.28576E+04
1.00000E+00	1.94591E+03	1.44159E+04
1.00000E+00	8.50240E+02	1.25061E+04
1.00000E+00	2.36220E+03	1.46541E+04
1.00000E+00	3.69935E+03	1.64186E+04
1.00000E+00	4.98609E+03	1.79200E+04
1.00000E+00	6.37466E+03	1.92530E+04
1.00000E+00	1.35550E+03	1.32678E+04
1.00000E+00	1.91785E+03	1.40035E+04
1.00000E+00	2.02977E+03	1.41067E+04
1.00000E+00	1.67135E+03	1.36011E+04
1.00000E+00	4.26019E+03	1.66032E+04
1.00000E+00	4.04611E+03	1.65505E+04
1.00000E+00	3.41816E+03	1.58906E+04
1.00000E+00	6.07532E+03	1.87313E+04
1.00000E+00	5.07198E+03	1.78568E+04
1.00000E+00	6.78227E+03	1.96253E+04
1.00000E+00	-4.08643E+02	1.08383E+04
1.00000E+00	8.94221E+02	1.28576E+04
1.00000E+00	1.94591E+03	1.44159E+04
1.00000E+00	2.82826E+03	1.54504E+04
1.00000E+00	3.55264E+03	1.58475E+04
1.00000E+00	1.91785E+03	1.40035E+04
1.00000E+00	2.02977E+03	1.41067E+04
1.00000E+00	1.67135E+03	1.36011E+04
1.00000E+00	8.50240E+02	1.25061E+04
1.00000E+00	4.04611E+03	1.65505E+04
1.00000E+00	3.41816E+03	1.58906E+04
1.00000E+00	2.36220E+03	1.46541E+04
1.00000E+00	5.07198E+03	1.78568E+04
1.00000E+00	3.69935E+03	1.64186E+04
1.00000E+00	4.98609E+03	1.79200E+04
1.00000E+00	-2.05216E+03	8.61365E+03
1.00000E+00	-9.38079E+02	1.05116E+04
1.00000E+00	-1.84641E+02	1.16709E+04
1.00000E+00	9.11105E+01	1.17550E+04
1.00000E+00	6.84407E+01	1.17092E+04
1.00000E+00	2.02977E+03	1.41067E+04
1.00000E+00	1.67135E+03	1.36011E+04
1.00000E+00	8.50240E+02	1.25061E+04
1.00000E+00	-4.08643E+02	1.08383E+04
1.00000E+00	3.41816E+03	1.58906E+04
1.00000E+00	2.36220E+03	1.46541E+04
1.00000E+00	8.94221E+02	1.28576E+04
1.00000E+00	3.69935E+03	1.64186E+04
1.00000E+00	1.94591E+03	1.44159E+04
1.00000E+00	2.82826E+03	1.54504E+04
1.00000E+00	8.94221E+02	1.28576E+04
1.00000E+00	1.94591E+03	1.44159E+04
1.00000E+00	2.82826E+03	1.54504E+04
1.00000E+00	3.55264E+03	1.58475E+04
1.00000E+00	4.31151E+03	1.62832E+04
1.00000E+00	4.26019E+03	1.66032E+04
1.00000E+00	4.04611E+03	1.65505E+04
1.00000E+00	3.41816E+03	1.58906E+04
1.00000E+00	2.36220E+03	1.46541E+04
1.00000E+00	6.07532E+03	1.87313E+04
1.00000E+00	5.07198E+03	1.78568E+04
1.00000E+00	3.69935E+03	1.64186E+04
1.00000E+00	6.78227E+03	1.96253E+04
1.00000E+00	4.98609E+03	1.79200E+04
1.00000E+00	6.37466E+03	1.92530E+04
1.00000E+00	-9.38079E+02	1.05116E+04
1.00000E+00	-1.84641E+02	1.16709E+04
1.00000E+00	9.11105E+01	1.17550E+04
1.00000E+00	6.84407E+01	1.17092E+04
1.00000E+00	-4.10838E+01	1.14660E+04
1.00000E+00	4.04611E+03	1.65505E+04
1.00000E+00	3.41816E+03	1.58906E+04
1.00000E+00	2.36220E+03	1.46541E+04
1.00000E+00	8.94221E+02	1.28576E+04
1.00000E+00	5.07198E+03	1.78568E+04
1.00000E+00	3.69935E+03	1.64186E+04
1.00000E+00	1.94591E+03	1.44159E+04
1.00000E+00	4.98609E+03	1.79200E+04
1.00000E+00	2.82826E+03	1.54504E+04
1.00000E+00	3.55264E+03	1.58475E+04
1.00000E+00	-1.84641E+02	1.16709E+04
1.00000E+00	9.11105E+01	1.17550E+04
1.00000E+00	6.84407E+01	1.17092E+04
1.00000E+00	-4.10838E+01	1.14660E+04
1.00000E+00	-5.02293E+01	1.11278E+04
1.00000E+00	6.07532E+03	1.87313E+04
1.00000E+00	5.07198E+03	1.78568E+04
1.00000E+00	3.69935E+03	1.64186E+04
1.00000E+00	1.94591E+03	1.44159E+04
1.00000E+00	6.78227E+03	1.96253E+04
1.00000E+00	4.98609E+03	1.79200E+04
1.00000E+00	2.82826E+03	1.54504E+04
1.00000E+00	6.37466E+03	1.92530E+04
1.00000E+00	3.55264E+03	1.58475E+04
1.00000E+00	4.31151E+03	1.62832E+04
1.00000E-01	1.05568E+04	1.25045E+04
2.00000E-01	1.89314E+04	2.23155E+04
3.00000E-01	2.47018E+04	2.89666E+04
4.00000E-01	2.78211E+04	3.30701E+04
5.00000E-01	2.83330E+04	3.45259E+04
5.00000E-01	2.24536E+04	2.98777E+04
4.00000E-01	2.22073E+04	2.85350E+04
3.00000E-01	2.00874E+04	2.51923E+04
2.00000E-01	1.61337E+04	1.98492E+04
5.00000E-01	2.57377E+04	3.35329E+04
4.00000E-01	2.52372E+04	3.18482E+04
3.00000E-01	2.29037E+04	2.81375E+04
5.00000E-01	2.80284E+04	3.59444E+04
4.00000E-01	2.72481E+04	3.35343E+04
5.00000E-01	2.90151E+04	3.62066E+04
2.00000E-01	1.89314E+04	2.23155E+04
3.00000E-01	2.47018E+04	2.89666E+04
4.00000E-01	2.78211E+04	3.30701E+04
5.00000E-01	2.83330E+04	3.45259E+04
6.00000E-01	2.62605E+04	3.33301E+04
6.00000E-01	2.43725E+04	3.32138E+04
5.00000E-01	2.57377E+04	3.35329E+04
4.00000E-01	2.52372E+04	3.18482E+04
3.00000E-01	2.29037E+04	2.81375E+04
6.00000E-01	2.69250E+04	3.60058E+04
5.00000E-01	2.80284E+04	3.59444E+04
4.00000E-01	2.72481E+04	3.35343E+04
6.00000E-01	2.83972E+04	3.73120E+04
5.00000E-01	2.90151E+04	3.62066E+04
6.00000E-01	2.82328E+04	3.63233E+04
3.00000E-01	2.47018E+04	2.89666E+04
4.00000E-01	2.78211E+04	3.30701E+04
5.00000E-01	2.83330E+04	3.45259E+04
6.00000E-01	2.62605E+04	3.33301E+04
7.00000E-01	2.16266E+04	2.94898E+04
7.00000E-01	2.39612E+04	3.40262E+04
6.00000E-01	2.69250E+04	3.60058E+04
5.00000E-01	2.80284E+04	3.59444E+04
4.00000E-01	2.72481E+04	3.35343E+04
7.00000E-01	2.57353E+04	3.59498E+04
6.00000E-01	2.83972E+04	3.73120E+04
5.00000E-01	2.90151E+04	3.62066E+04
7.00000E-01	2.62761E+04	3.59618E+04
6.00000E-01	2.82328E+04	3.63233E+04
7.00000E-01	2.49262E+04	3.38446E+04
4.00000E-01	2.78211E+04	3.30701E+04
5.00000E-01	2.83330E+04	3.45259E+04
6.00000E-01	2.62605E+04	3.33301E+04
7.00000E-01	2.16266E+04	2.94898E+04
8.00000E-01	1.44616E+04	2.30140E+04
8.00000E-01	2.11958E+04	3.23150E+04
7.00000E-01	2.57353E+04	3.59498E+04
6.00000E-01	2.83972E+04	3.73120E+04
5.00000E-01	2.90151E+04	3.62066E+04
8.00000E-01	2.21666E+04	3.33545E+04
7.00000E-01	2.62761E+04	3.59618E+04
6.00000E-01	2.82328E+04	3.63233E+04
8.00000E-01	2.16873E+04	3.21098E+04
7.00000E-01	2.49262E+04	3.38446E+04
8.00000E-01	1.91223E+04	2.87660E+04
5.00000E-01	2.83330E+04	3.45259E+04
6.00000E-01	2.62605E+04	3.33301E+04
7.00000E-01	2.16266E+04	2.94898E+04
8.00000E-01	1.44616E+04	2.30140E+04
9.00000E-01	4.81868E+03	1.39112E+04
9.00000E-01	1.61002E+04	2.80800E+04
8.00000E-01	2.21666E+04	3.33545E+04
7.00000E-01	2.62761E+04	3.59618E+04
6.00000E-01	2.82328E+04	3.63233E+04
9.00000E-01	1.62476E+04	2.81973E+04
8.00000E-01	2.16873E+04	3.21098E+04
7.00000E-01	2.49262E+04	3.38446E+04
9.00000E-01	1.46833E+04	2.57092E+04
8.00000E-01	1.91223E+04	2.87660E+04
9.00000E-01	1.08708E+04	2.10896E+04
5.00000E-01	2.24536E+04	2.98777E+04
6.00000E-01	2.43725E+04	3.32138E+04
7.00000E-01	2.39612E+04	3.40262E+04
8.00000E-01	2.11958E+04	3.23150E+04
9.00000E-01	1.61002E+04	2.80800E+04
9.00000E-01	4.65095E+03	1.52471E+04
8.00000E-01	1.18855E+04	2.19054E+04
7.00000E-01	1.72861E+04	2.65629E+04
6.00000E-01	2.08132E+04	2.92203E+04
9.00000E-01	9.09501E+03	2.02455E+04
8.00000E-01	1.60289E+04	2.65747E+04
7.00000E-01	2.11333E+04	3.08946E+04
9.00000E-01	1.25079E+04	2.40564E+04
8.00000E-01	1.91449E+04	3.00451E+04
9.00000E-01	1.48481E+04	2.66718E+04
4.00000E-01	2.22073E+04	2.85350E+04
5.00000E-01	2.57377E+04	3.35329E+04
6.00000E-01	2.69250E+04	3.60058E+04
7.00000E-01	2.57353E+04	3.59498E+04
8.00000E-01	2.21666E+04	3.33545E+04
8.00000E-01	1.18855E+04	2.19054E+04
7.00000E-01	1.72861E+04	2.65629E+04
6.00000E-01	2.08132E+04	2.92203E+04
5.00000E-01	2.24536E+04	2.98777E+04
8.00000E-01	1.60289E+04	2.65747E+04
7.00000E-01	2.11333E+04	3.08946E+04
6.00000E-01	2.43725E+04	3.32138E+04
8.00000E-01	1.91449E+04	3.00451E+04
7.00000E-01	2.39612E+04	3.40262E+04
8.00000E-01	2.11958E+04	3.23150E+04
3.00000E-01	2.00874E+04	2.51923E+04
4.00000E-01	2.52372E+04	3.18482E+04
5.00000E-01	2.80284E+04	3.59444E+04
6.00000E-01	2.83972E+04	3.73120E+04
7.00000E-01	2.62761E+04	3.59618E+04
7.00000E-01	1.72861E+04	2.65629E+04
6.00000E-01	2.08132E+04	2.92203E+04
5.00000E-01	2.24536E+04	2.98777E+04
4.00000E-01	2.22073E+04	2.85350E+04
7.00000E-01	2.11333E+04	3.08946E+04
6.00000E-01	2.43725E+04	3.32138E+04
5.00000E-01	2.57377E+04	3.35329E+04
7.00000E-01	2.39612E+04	3.40262E+04
6.00000E-01	2.69250E+04	3.60058E+04
7.00000E-01	2.57353E+04	3.59498E+04
2.00000E-01	1.61337E+04	1.98492E+04
3.00000E-01	2.29037E+04	2.81375E+04
4.00000E-01	2.72481E+04	3.35343E+04
5.00000E-01	2.90151E+04	3.62066E+04
6.00000E-01	2.82328E+04	3.63233E+04
6.00000E-01	2.08132E+04	2.92203E+04
5.00000E-01	2.24536E+04	2.98777E+04
4.00000E-01	2.22073E+04	2.85350E+04
3.00000E-01	2.00874E+04	2.51923E+04
6.00000E-01	2.43725E+04	3.32138E+04
5.00000E-01	2.57377E+04	3.35329E+04
4.00000E-01	2.52372E+04	3.18482E+04
6.00000E-01	2.69250E+04	3.60058E+04
5.00000E-01	2.80284E+04	3.59444E+04
6.00000E-01	2.83972E+04	3.73120E+04
5.00000E-01	2.57377E+04	3.35329E+04
6.00000E-01	2.69250E+04	3.60058E+04
7.00000E-01	2.57353E+04	3.59498E+04
8.00000E-01	2.21666E+04	3.33545E+04
9.00000E-01	1.62476E+04	2.81973E+04
9.00000E-01	9.09501E+03	2.02455E+04
8.00000E-01	1.60289E+04	2.65747E+04
7.00000E-01	2.11333E+04	3.08946E+04
6.00000E-01	2.43725E+04	3.32138E+04
9.00000E-01	1.25079E+04	2.40564E+04
8.00000E-01	1.91449E+04	3.00451E+04
7.00000E-01	2.39612E+04	3.40262E+04
9.00000E-01	1.48481E+04	2.66718E+04
8.00000E-01	2.11958E+04	3.23150E+04
9.00000E-01	1.61002E+04	2.80800E+04
4.00000E-01	2.52372E+04	3.18482E+04
5.00000E-01	2.80284E+04	3.59444E+04
6.00000E-01	2.83972E+04	3.73120E+04
7.00000E-01	2.62761E+04	3.59618E+04
8.00000E-01	2.16873E+04	3.21098E+04
8.00000E-01	1.60289E+04	2.65747E+04
7.00000E-01	2.11333E+04	3.08946E+04
6.00000E-01	2.43725E+04	3.32138E+04
5.00000E-01	2.57377E+04	3.35329E+04
8.00000E-01	1.91449E+04	3.00451E+04
7.00000E-01	2.39612E+04	3.40262E+04
6.00000E-01	2.69250E+04	3.60058E+04
8.00000E-01	2.11958E+04	3.23150E+04
7.00000E-01	2.57353E+04	3.59498E+04
8.00000E-01	2.21666E+04	3.33545E+04
3.00000E-01	2.29037E+04	2.81375E+04
4.00000E-01	2.72481E+04	3.35343E+04
5.00000E-01	2.90151E+04	3.62066E+04
6.00000E-01	2.82328E+04	3.63233E+04
7.00000E-01	2.49262E+04	3.38446E+04
7.00000E-01	2.11333E+04	3.08946E+04
6.00000E-01	2.43725E+04	3.32138E+04
5.00000E-01	2.57377E+04	3.35329E+04
4.00000E-01	2.52372E+04	3.18482E+04
7.00000E-01	2.39612E+04	3.40262E+04
6.00000E-01	2.69250E+04	3.60058E+04
5.00000E-01	2.80284E+04	3.59444E+04
7.00000E-01	2.57353E+04	3.59498E+04
6.00000E-01	2.83972E+04	3.73120E+04
7.00000E-01	2.62761E+04	3.59618E+04
5.00000E-01	2.80284E+04	3.59444E+04
6.00000E-01	2.83972E+04	3.73120E+04
7.00000E-01	2.62761E+04	3.59618E+04
8.00000E-01	2.16873E+04	3.21098E+04
9.00000E-01	1.46833E+04	2.57092E+04
9.00000E-01	1.25079E+04	2.40564E+04
8.00000E-01	1.91449E+04	3.00451E+04
7.00000E-01	2.39612E+04	3.40262E+04
6.00000E-01	2.69250E+04	3.60058E+04
9.00000E-01	1.48481E+04	2.66718E+04
8.00000E-01	2.11958E+04	3.23150E+04
7.00000E-01	2.57353E+04	3.59498E+04
9.00000E-01	1.61002E+04	2.80800E+04
8.00000E-01	2.21666E+04	3.33545E+04
9.00000E-01	1.62476E+04	2.81973E+04
4.00000E-01	2.72481E+04	3.35343E+04
5.00000E-01	2.90151E+04	3.62066E+04
6.00000E-01	2.82328E+04	3.63233E+04
7.00000E-01	2.49262E+04	3.38446E+04
8.00000E-01	1.91223E+04	2.87660E+04
8.00000E-01	1.91449E+04	3.00451E+04
7.00000E-01	2.39612E+04	3.40262E+04
6.00000E-01	2.69250E+04	3.60058E+04
5.00000E-01	2.80284E+04	3.59444E+04
8.00000E-01	2.11958E+04	3.23150E+04
7.00000E-01	2.57353E+04	3.59498E+04
6.00000E-01	2.83972E+04	3.73120E+04
8.00000E-01	2.21666E+04	3.33545E+04
7.00000E-01	2.62761E+04	3.59618E+04
8.00000E-01	2.16873E+04	3.21098E+04
5.00000E-01	2.90151E+04	3.62066E+04
6.00000E-01	2.82328E+04	3.63233E+04
7.00000E-01	2.49262E+04	3.38446E+04
8.00000E-01	1.91223E+04	2.87660E+04
9.00000E-01	1.08708E+04	2.10896E+04
9.00000E-01	1.48481E+04	2.66718E+04
8.00000E-01	2.11958E+04	3.23150E+04
7.00000E-01	2.57353E+04	3.59498E+04
6.00000E-01	2.83972E+04	3.73120E+04
9.00000E-01	1.61002E+04	2.80800E+04
8.00000E-01	2.21666E+04	3.33545E+04
7.00000E-01	2.62761E+04	3.59618E+04
9.00000E-01	1.62476E+04	2.81973E+04
8.00000E-01	2.16873E+04	3.21098E+04
9.00000E-01	1.46833E+04	2.57092E+04
1.00000E-01	7.48299E+03	9.00531E+03
2.00000E-01	1.33395E+04	1.60106E+04
3.00000E-01	1.73579E+04	2.10159E+04
4.00000E-01	1.94967E+04	2.40212E+04
5.00000E-01	1.97403E+04	2.50264E+04
5.00000E-01	1.93033E+04	2.62998E+04
4.00000E-01	1.90720E+04	2.49722E+04
3.00000E-01	1.69698E+04	2.16473E+04
2.00000E-01	1.30366E+04	1.63250E+04
5.00000E-01	1.99829E+04	2.69231E+04
4.00000E-01	1.95211E+04	2.52804E+04
3.00000E-01	1.72369E+04	2.16428E+04
5.00000E-01	2.02395E+04	2.69081E+04
4.00000E-01	1.96009E+04	2.49581E+04
5.00000E-01	2.00888E+04	2.62706E+04
2.00000E-01	1.33395E+04	1.60106E+04
3.00000E-01	1.73579E+04	2.10159E+04
4.00000E-01	1.94967E+04	2.40212E+04
5.00000E-01	1.97403E+04	2.50264E+04
6.00000E-01	1.80844E+04	2.40315E+04
6.00000E-01	1.85849E+04	2.65712E+04
5.00000E-01	1.99829E+04	2.69231E+04
4.00000E-01	1.95211E+04	2.52804E+04
3.00000E-01	1.72369E+04	2.16428E+04
6.00000E-01	1.90667E+04	2.68661E+04
5.00000E-01	2.02395E+04	2.69081E+04
4.00000E-01	1.96009E+04	2.49581E+04
6.00000E-01	1.90875E+04	2.65306E+04
5.00000E-01	2.00888E+04	2.62706E+04
6.00000E-01	1.86873E+04	2.55805E+04
3.00000E-01	1.73579E+04	2.10159E+04
4.00000E-01	1.94967E+04	2.40212E+04
5.00000E-01	1.97403E+04	2.50264E+04
6.00000E-01	1.80844E+04	2.40315E+04
7.00000E-01	1.45331E+04	2.10362E+04
7.00000E-01	1.60496E+04	2.48320E+04
6.00000E-01	1.90667E+04	2.68661E+04
5.00000E-01	2.02395E+04	2.69081E+04
4.00000E-01	1.96009E+04	2.49581E+04
7.00000E-01	1.62903E+04	2.48012E+04
6.00000E-01	1.90875E+04	2.65306E+04
5.00000E-01	2.00888E+04	2.62706E+04
7.00000E-01	1.60563E+04	2.41478E+04
6.00000E-01	1.86873E+04	2.55805E+04
7.00000E-01	1.53964E+04	2.28876E+04
4.00000E-01	1.94967E+04	2.40212E+04
5.00000E-01	1.97403E+04	2.50264E+04
6.00000E-01	1.80844E+04	2.40315E+04
7.00000E-01	1.45331E+04	2.10362E+04
8.00000E-01	9.10231E+03	1.60404E+04
8.00000E-01	1.16731E+04	2.10823E+04
7.00000E-01	1.62903E+04	2.48012E+04
6.00000E-01	1.90875E+04	2.65306E+04
5.00000E-01	2.00888E+04	2.62706E+04
8.00000E-01	1.16537E+04	2.07282E+04
7.00000E-01	1.60563E+04	2.41478E+04
6.00000E-01	1.86873E+04	2.55805E+04
8.00000E-01	1.11547E+04	1.97595E+04
7.00000E-01	1.53964E+04	2.28876E+04
8.00000E-01	1.02293E+04	1.81917E+04
5.00000E-01	1.97403E+04	2.50264E+04
6.00000E-01	1.80844E+04	2.40315E+04
7.00000E-01	1.45331E+04	2.10362E+04
8.00000E-01	9.10231E+03	1.60404E+04
9.00000E-01	1.83305E+03	9.04344E+03
9.00000E-01	5.47968E+03	1.53219E+04
8.00000E-01	1.16537E+04	2.07282E+04
7.00000E-01	1.60563E+04	2.41478E+04
6.00000E-01	1.86873E+04	2.55805E+04
9.00000E-01	5.19000E+03	1.46472E+04
8.00000E-01	1.11547E+04	1.97595E+04
7.00000E-01	1.53964E+04	2.28876E+04
9.00000E-01	4.42015E+03	1.33656E+04
8.00000E-01	1.02293E+04	1.81917E+04
9.00000E-01	3.22566E+03	1.14926E+04
5.00000E-01	1.93033E+04	2.62998E+04
6.00000E-01	1.85849E+04	2.65712E+04
7.00000E-01	1.60496E+04	2.48320E+04
8.00000E-01	1.16731E+04	2.10823E+04
9.00000E-01	5.47968E+03	1.53219E+04
9.00000E-01	1.46708E+03	1.16366E+04
8.00000E-01	8.70590E+03	1.82984E+04
7.00000E-01	1.41136E+04	2.29629E+04
6.00000E-01	1.76505E+04	2.56301E+04
9.00000E-01	3.24312E+03	1.35471E+04
8.00000E-01	1.01919E+04	1.98832E+04
7.00000E-01	1.53183E+04	2.42246E+04
9.00000E-01	4.51543E+03	1.47876E+04
8.00000E-01	1.11882E+04	2.08059E+04
9.00000E-01	5.26009E+03	1.53740E+04
4.00000E-01	1.90720E+04	2.49722E+04
5.00000E-01	1.99829E+04	2.69231E+04
6.00000E-01	1.90667E+04	2.68661E+04
7.00000E-01	1.62903E+04	2.48012E+04
8.00000E-01	1.16537E+04	2.07282E+04
8.00000E-01	8.70590E+03	1.82984E+04
7.00000E-01	1.41136E+04	2.29629E+04
6.00000E-01	1.76505E+04	2.56301E+04
5.00000E-01	1.93033E+04	2.62998E+04
8.00000E-01	1.01919E+04	1.98832E+04
7.00000E-01	1.53183E+04	2.42246E+04
6.00000E-01	1.85849E+04	2.65712E+04
8.00000E-01	1.11882E+04	2.08059E+04
7.00000E-01	1.60496E+04	2.48320E+04
8.00000E-01	1.16731E+04	2.10823E+04
3.00000E-01	1.69698E+04	2.16473E+04
4.00000E-01	1.95211E+04	2.52804E+04
5.00000E-01	2.02395E+04	2.69081E+04
6.00000E-01	1.90875E+04	2.65306E+04
7.00000E-01	1.60563E+04	2.41478E+04
7.00000E-01	1.41136E+04	2.29629E+04
6.00000E-01	1.76505E+04	2.56301E+04
5.00000E-01	1.93033E+04	2.62998E+04
4.00000E-01	1.90720E+04	2.49722E+04
7.00000E-01	1.53183E+04	2.42246E+04
6.00000E-01	1.85849E+04	2.65712E+04
5.00000E-01	1.99829E+04	2.69231E+04
7.00000E-01	1.60496E+04	2.48320E+04
6.00000E-01	1.90667E+04	2.68661E+04
7.00000E-01	1.62903E+04	2.48012E+04
2.00000E-01	1.30366E+04	1.63250E+04
3.00000E-01	1.72369E+04	2.16428E+04
4.00000E-01	1.96009E+04	2.49581E+04
5.00000E-01	2.00888E+04	2.62706E+04
6.00000E-01	1.86873E+04	2.55805E+04
6.00000E-01	1.76505E+04	2.56301E+04
5.00000E-01	1.93033E+04	2.62998E+04
4.00000E-01	1.90720E+04	2.49722E+04
3.00000E-01	1.69698E+04	2.16473E+04
6.00000E-01	1.85849E+04	2.65712E+04
5.00000E-01	1.99829E+04	2.69231E+04
4.00000E-01	1.95211E+04	2.52804E+04
6.00000E-01	1.90667E+04	2.68661E+04
5.00000E-01	2.02395E+04	2.69081E+04
6.00000E-01	1.90875E+04	2.65306E+04
5.00000E-01	1.99829E+04	2.69231E+04
6.00000E-01	1.90667E+04	2.68661E+04
7.00000E-01	1.62903E+04	2.48012E+04
8.00000E-01	1.16537E+04	2.07282E+04
9.00000E-01	5.19000E+03	1.46472E+04
9.00000E-01	3.24312E+03	1.35471E+04
8.00000E-01	1.01919E+04	1.98832E+04
7.00000E-01	1.53183E+04	2.42246E+04
6.00000E-01	1.85849E+04	2.65712E+04
9.00000E-01	4.51543E+03	1.47876E+04
8.00000E-01	1.11882E+04	2.08059E+04
7.00000E-01	1.60496E+04	2.48320E+04
9.00000E-01	5.26009E+03	1.53740E+04
8.00000E-01	1.16731E+04	2.10823E+04
9.00000E-01	5.47968E+03	1.53219E+04
4.00000E-01	1.95211E+04	2.52804E+04
5.00000E-01	2.02395E+04	2.69081E+04
6.00000E-01	1.90875E+04	2.65306E+04
7.00000E-01	1.60563E+04	2.41478E+04
8.00000E-01	1.11547E+04	1.97595E+04
8.00000E-01	1.01919E+04	1.98832E+04
7.00000E-01	1.53183E+04	2.42246E+04
6.00000E-01	1.85849E+04	2.65712E+04
5.00000E-01	1.99829E+04	2.69231E+04
8.00000E-01	1.11882E+04	2.08059E+04
7.00000E-01	1.60496E+04	2.48320E+04
6.00000E-01	1.90667E+04	2.68661E+04
8.00000E-01	1.16731E+04	2.10823E+04
7.00000E-01	1.62903E+04	2.48012E+04
8.00000E-01	1.16537E+04	2.07282E+04
3.00000E-01	1.72369E+04	2.16428E+04
4.00000E-01	1.96009E+04	2.49581E+04
5.00000E-01	2.00888E+04	2.62706E+04
6.00000E-01	1.86873E+04	2.55805E+04
7.00000E-01	1.53964E+04	2.28876E+04
7.00000E-01	1.53183E+04	2.42246E+04
6.00000E-01	1.85849E+04	2.65712E+04
5.00000E-01	1.99829E+04	2.69231E+04
4.00000E-01	1.95211E+04	2.52804E+04
7.00000E-01	1.60496E+04	2.48320E+04
6.00000E-01	1.90667E+04	2.68661E+04
5.00000E-01	2.02395E+04	2.69081E+04
7.00000E-01	1.62903E+04	2.48012E+04
6.00000E-01	1.90875E+04	2.65306E+04
7.00000E-01	1.60563E+04	2.41478E+04
5.00000E-01	2.02395E+04	2.69081E+04
6.00000E-01	1.90875E+04	2.65306E+04
7.00000E-01	1.60563E+04	2.41478E+04
8.00000E-01	1.11547E+04	1.97595E+04
9.00000E-01	4.42015E+03	1.33656E+04
9.00000E-01	4.51543E+03	1.47876E+04
8.00000E-01	1.11882E+04	2.08059E+04
7.00000E-01	1.60496E+04	2.48320E+04
6.00000E-01	1.90667E+04	2.68661E+04
9.00000E-01	5.26009E+03	1.53740E+04
8.00000E-01	1.16731E+04	2.10823E+04
7.00000E-01	1.62903E+04	2.48012E+04
9.00000E-01	5.47968E+03	1.53219E+04
8.00000E-01	1.16537E+04	2.07282E+04
9.00000E-01	5.19000E+03	1.46472E+04
4.00000E-01	1.96009E+04	2.49581E+04
5.00000E-01	2.00888E+04	2.62706E+04
6.00000E-01	1.86873E+04	2.55805E+04
7.00000E-01	1.53964E+04	2.28876E+04
8.00000E-01	1.02293E+04	1.81917E+04
8.00000E-01	1.11882E+04	2.08059E+04
7.00000E-01	1.60496E+04	2.48320E+04
6.00000E-01	1.90667E+04	2.68661E+04
5.00000E-01	2.02395E+04	2.69081E+04
8.00000E-01	1.16731E+04	2.10823E+04
7.00000E-01	1.62903E+04	2.48012E+04
6.00000E-01	1.90875E+04	2.65306E+04
8.00000E-01	1.16537E+04	2.07282E+04
7.00000E-01	1.60563E+04	2.41478E+04
8.00000E-01	1.11547E+04	1.97595E+04
5.00000E-01	2.00888E+04	2.62706E+04
6.00000E-01	1.86873E+04	2.55805E+04
7.00000E-01	1.53964E+04	2.28876E+04
8.00000E-01	1.02293E+04	1.81917E+04
9.00000E-01	3.22566E+03	1.14926E+04
9.00000E-01	5.26009E+03	1.53740E+04
8.00000E-01	1.16731E+04	2.10823E+04
7.00000E-01	1.62903E+04	2.48012E+04
6.00000E-01	1.90875E+04	2.65306E+04
9.00000E-01	5.47968E+03	1.53219E+04
8.00000E-01	1.16537E+04	2.07282E+04
7.00000E-01	1.60563E+04	2.41478E+04
9.00000E-01	5.19000E+03	1.46472E+04
8.00000E-01	1.11547E+04	1.97595E+04
9.00000E-01	4.42015E+03	1.33656E+04
