1.00000E+00	-1.50965E+04	-5.09446E+03
1.00000E+00	-2.24715E+04	-1.23211E+04
1.00000E+00	-3.10288E+04	-2.12708E+04
1.00000E+00	-4.08286E+04	-3.19520E+04
1.00000E+00	-5.18369E+04	-4.43737E+04
1.00000E+00	-2.24715E+04	-1.23211E+04
1.00000E+00	-2.48323E+04	-1.41816E+04
1.00000E+00	-2.83870E+04	-1.77737E+04
1.00000E+00	-3.31989E+04	-2.31062E+04
1.00000E+00	-3.92381E+04	-3.01865E+04
1.00000E+00	-3.10288E+04	-2.12708E+04
1.00000E+00	-2.83870E+04	-1.77737E+04
1.00000E+00	-2.69539E+04	-1.60170E+04
1.00000E+00	-2.67966E+04	-1.60081E+04
1.00000E+00	-2.78939E+04	-1.77428E+04
1.00000E+00	-4.08286E+04	-3.19520E+04
1.00000E+00	-3.31989E+04	-2.31062E+04
1.00000E+00	-2.67966E+04	-1.60081E+04
1.00000E+00	-2.16974E+04	-1.06536E+04
1.00000E+00	-1.79124E+04	-6.94290E+03
1.00000E+00	-5.18369E+04	-4.43737E+04
1.00000E+00	-3.92381E+04	-3.01865E+04
1.00000E+00	-2.78939E+04	-1.77428E+04
1.00000E+00	-1.79124E+04	-6.94290E+03
1.00000E+00	-9.23924E+03	1.60115E+03
1.00000E+00	-1.20715E+04	-3.67324E+03
1.00000E+00	-1.59635E+04	-6.76755E+03
1.00000E+00	-1.85552E+04	-8.82483E+03
1.00000E+00	-2.00657E+04	-1.00134E+04
1.00000E+00	-2.07809E+04	-1.07039E+04
1.00000E+00	-1.59635E+04	-6.76755E+03
1.00000E+00	-1.80709E+04	-8.12083E+03
1.00000E+00	-1.90486E+04	-8.60544E+03
1.00000E+00	-1.92795E+04	-8.59191E+03
1.00000E+00	-1.86660E+04	-8.04516E+03
1.00000E+00	-1.85552E+04	-8.82483E+03
1.00000E+00	-1.90486E+04	-8.60544E+03
1.00000E+00	-1.87466E+04	-7.88791E+03
1.00000E+00	-1.76488E+04	-6.63716E+03
1.00000E+00	-1.54908E+04	-4.59364E+03
1.00000E+00	-2.00657E+04	-1.00134E+04
1.00000E+00	-1.92795E+04	-8.59191E+03
1.00000E+00	-1.76488E+04	-6.63716E+03
1.00000E+00	-1.50065E+04	-3.88964E+03
1.00000E+00	-1.13126E+04	-3.57349E+02
1.00000E+00	-2.07809E+04	-1.07039E+04
1.00000E+00	-1.86660E+04	-8.04516E+03
1.00000E+00	-1.54908E+04	-4.59364E+03
1.00000E+00	-1.13126E+04	-3.57349E+02
1.00000E+00	-6.23206E+03	4.49159E+03
1.00000E-01	3.42610E+03	5.23488E+03
2.00000E-01	6.36842E+03	9.53151E+03
3.00000E-01	8.62630E+03	1.28899E+04
4.00000E-01	1.01512E+04	1.53101E+04
5.00000E-01	1.09916E+04	1.67920E+04
2.00000E-01	6.36842E+03	9.53151E+03
3.00000E-01	8.37250E+03	1.28899E+04
4.00000E-01	9.69213E+03	1.53101E+04
5.00000E-01	1.02788E+04	1.67920E+04
6.00000E-01	1.01810E+04	1.73357E+04
3.00000E-01	8.62630E+03	1.28899E+04
4.00000E-01	9.69213E+03	1.53101E+04
5.00000E-01	1.00735E+04	1.67920E+04
6.00000E-01	9.72192E+03	1.73357E+04
7.00000E-01	8.68588E+03	1.69411E+04
4.00000E-01	1.01512E+04	1.53101E+04
5.00000E-01	1.02788E+04	1.67920E+04
6.00000E-01	9.72192E+03	1.73357E+04
7.00000E-01	8.43208E+03	1.69411E+04
8.00000E-01	6.45780E+03	1.56083E+04
5.00000E-01	1.09916E+04	1.67920E+04
6.00000E-01	1.01810E+04	1.73357E+04
7.00000E-01	8.68588E+03	1.69411E+04
8.00000E-01	6.45780E+03	1.56083E+04
9.00000E-01	3.54527E+03	1.33373E+04
1.00000E+00	-1.03597E+04	-1.62156E+02
1.00000E+00	-1.07513E+04	-5.38895E+02
1.00000E+00	-1.09683E+04	-8.93037E+02
1.00000E+00	-1.08869E+04	-1.05211E+03
1.00000E+00	-1.02859E+04	-8.43659E+02
1.00000E+00	-1.07513E+04	-5.38895E+02
1.00000E+00	-1.13021E+04	-9.73037E+02
1.00000E+00	-1.15059E+04	-1.21211E+03
1.00000E+00	-1.12388E+04	-1.08366E+03
1.00000E+00	-1.02797E+04	-4.15204E+02
1.00000E+00	-1.09683E+04	-8.93037E+02
1.00000E+00	-1.15059E+04	-1.21211E+03
1.00000E+00	-1.15240E+04	-1.16366E+03
1.00000E+00	-1.08988E+04	-5.75204E+02
1.00000E+00	-9.40909E+03	7.25719E+02
1.00000E+00	-1.08869E+04	-1.05211E+03
1.00000E+00	-1.12388E+04	-1.08366E+03
1.00000E+00	-1.08988E+04	-5.75204E+02
1.00000E+00	-9.74289E+03	6.45719E+02
1.00000E+00	-7.55013E+03	2.75158E+03
1.00000E+00	-1.02859E+04	-8.43659E+02
1.00000E+00	-1.02797E+04	-4.15204E+02
1.00000E+00	-9.40909E+03	7.25719E+02
1.00000E+00	-7.55013E+03	2.75158E+03
1.00000E+00	-4.48182E+03	5.83484E+03
1.00000E+00	-5.26863E+03	3.35582E+03
1.00000E+00	-3.77432E+03	5.84787E+03
1.00000E+00	-2.66541E+03	7.59587E+03
1.00000E+00	-2.10524E+03	7.84317E+03
1.00000E+00	-2.08220E+03	7.57350E+03
1.00000E+00	-3.77432E+03	5.84787E+03
1.00000E+00	-2.91921E+03	7.59587E+03
1.00000E+00	-2.56428E+03	7.84317E+03
1.00000E+00	-2.79504E+03	7.57350E+03
1.00000E+00	-3.25874E+03	6.89955E+03
1.00000E+00	-2.66541E+03	7.59587E+03
1.00000E+00	-2.56428E+03	7.84317E+03
1.00000E+00	-3.00028E+03	7.57350E+03
1.00000E+00	-3.71778E+03	6.89955E+03
1.00000E+00	-4.49804E+03	5.89467E+03
1.00000E+00	-2.10524E+03	7.84317E+03
1.00000E+00	-2.79504E+03	7.57350E+03
1.00000E+00	-3.71778E+03	6.89955E+03
1.00000E+00	-4.75184E+03	5.89467E+03
1.00000E+00	-5.70005E+03	4.68513E+03
1.00000E+00	-2.08220E+03	7.57350E+03
1.00000E+00	-3.25874E+03	6.89955E+03
1.00000E+00	-4.49804E+03	5.89467E+03
1.00000E+00	-5.70005E+03	4.68513E+03
1.00000E+00	-6.67408E+03	3.40498E+03
1.00000E-01	1.05568E+04	1.25045E+04
2.00000E-01	1.90123E+04	2.23155E+04
3.00000E-01	2.49556E+04	2.89666E+04
4.00000E-01	2.83326E+04	3.30701E+04
5.00000E-01	2.92511E+04	3.45259E+04
2.00000E-01	1.90123E+04	2.23155E+04
3.00000E-01	2.47018E+04	2.89666E+04
4.00000E-01	2.78735E+04	3.30701E+04
5.00000E-01	2.85383E+04	3.45259E+04
6.00000E-01	2.67719E+04	3.33301E+04
3.00000E-01	2.49556E+04	2.89666E+04
4.00000E-01	2.78735E+04	3.30701E+04
5.00000E-01	2.83330E+04	3.45259E+04
6.00000E-01	2.63129E+04	3.33301E+04
7.00000E-01	2.18804E+04	2.94898E+04
4.00000E-01	2.83326E+04	3.30701E+04
5.00000E-01	2.85383E+04	3.45259E+04
6.00000E-01	2.63129E+04	3.33301E+04
7.00000E-01	2.16266E+04	2.94898E+04
8.00000E-01	1.45425E+04	2.30140E+04
5.00000E-01	2.92511E+04	3.45259E+04
6.00000E-01	2.67719E+04	3.33301E+04
7.00000E-01	2.18804E+04	2.94898E+04
8.00000E-01	1.45425E+04	2.30140E+04
9.00000E-01	4.81868E+03	1.39112E+04
1.00000E+00	-4.20703E+03	6.58619E+03
1.00000E+00	3.82626E+02	1.16362E+04
1.00000E+00	3.56632E+03	1.50356E+04
1.00000E+00	5.31798E+03	1.69051E+04
1.00000E+00	5.65385E+03	1.70739E+04
1.00000E+00	3.82626E+02	1.16362E+04
1.00000E+00	4.23767E+03	1.59607E+04
1.00000E+00	6.70923E+03	1.87554E+04
1.00000E+00	7.71644E+03	1.98493E+04
1.00000E+00	7.30678E+03	1.92398E+04
1.00000E+00	3.56632E+03	1.50356E+04
1.00000E+00	6.70923E+03	1.87554E+04
1.00000E+00	8.43635E+03	2.07744E+04
1.00000E+00	8.69803E+03	2.10901E+04
1.00000E+00	7.50482E+03	1.94822E+04
1.00000E+00	5.31798E+03	1.69051E+04
1.00000E+00	7.71644E+03	1.98493E+04
1.00000E+00	8.69803E+03	2.10901E+04
1.00000E+00	8.17617E+03	2.04073E+04
1.00000E+00	5.33074E+03	1.65191E+04
1.00000E+00	5.65385E+03	1.70739E+04
1.00000E+00	7.30678E+03	1.92398E+04
1.00000E+00	7.50482E+03	1.94822E+04
1.00000E+00	5.33074E+03	1.65191E+04
1.00000E+00	3.90133E+02	1.08192E+04
1.00000E-01	7.48299E+03	9.00531E+03
2.00000E-01	1.34204E+04	1.60106E+04
3.00000E-01	1.76117E+04	2.10159E+04
4.00000E-01	2.00082E+04	2.40212E+04
5.00000E-01	2.06584E+04	2.50264E+04
2.00000E-01	1.34204E+04	1.60106E+04
3.00000E-01	1.73579E+04	2.10159E+04
4.00000E-01	1.95491E+04	2.40212E+04
5.00000E-01	1.99456E+04	2.50264E+04
6.00000E-01	1.85958E+04	2.40315E+04
3.00000E-01	1.76117E+04	2.10159E+04
4.00000E-01	1.95491E+04	2.40212E+04
5.00000E-01	1.97403E+04	2.50264E+04
6.00000E-01	1.81368E+04	2.40315E+04
7.00000E-01	1.47869E+04	2.10362E+04
4.00000E-01	2.00082E+04	2.40212E+04
5.00000E-01	1.99456E+04	2.50264E+04
6.00000E-01	1.81368E+04	2.40315E+04
7.00000E-01	1.45331E+04	2.10362E+04
8.00000E-01	9.18320E+03	1.60404E+04
5.00000E-01	2.06584E+04	2.50264E+04
6.00000E-01	1.85958E+04	2.40315E+04
7.00000E-01	1.47869E+04	2.10362E+04
8.00000E-01	9.18320E+03	1.60404E+04
9.00000E-01	1.83305E+03	9.04344E+03
1.00000E+00	-7.39204E+03	2.97739E+03
1.00000E+00	-5.23797E+03	5.21630E+03
1.00000E+00	-3.50803E+03	6.77729E+03
1.00000E+00	-2.23493E+03	7.67618E+03
1.00000E+00	-1.35429E+03	7.92877E+03
1.00000E+00	-5.23797E+03	5.21630E+03
1.00000E+00	-3.76183E+03	6.77729E+03
1.00000E+00	-2.69398E+03	7.67618E+03
1.00000E+00	-2.06713E+03	7.92877E+03
1.00000E+00	-1.81691E+03	7.55081E+03
1.00000E+00	-3.50803E+03	6.77729E+03
1.00000E+00	-2.69398E+03	7.67618E+03
1.00000E+00	-2.27237E+03	7.92877E+03
1.00000E+00	-2.27596E+03	7.55081E+03
1.00000E+00	-2.64036E+03	6.55797E+03
1.00000E+00	-2.23493E+03	7.67618E+03
1.00000E+00	-2.06713E+03	7.92877E+03
1.00000E+00	-2.27596E+03	7.55081E+03
1.00000E+00	-2.89416E+03	6.55797E+03
1.00000E+00	-3.85740E+03	4.96583E+03
1.00000E+00	-1.35429E+03	7.92877E+03
1.00000E+00	-1.81691E+03	7.55081E+03
1.00000E+00	-2.64036E+03	6.55797E+03
1.00000E+00	-3.85740E+03	4.96583E+03
1.00000E+00	-5.40373E+03	2.78967E+03
9.00000E-01	-6.17739E+02	9.04024E+03
8.00000E-01	7.00438E+03	1.60358E+04
7.00000E-01	1.28803E+04	2.10313E+04
6.00000E-01	1.69615E+04	2.40268E+04
5.00000E-01	1.92964E+04	2.50224E+04
8.00000E-01	7.00438E+03	1.60358E+04
7.00000E-01	1.26265E+04	2.10313E+04
6.00000E-01	1.65024E+04	2.40268E+04
5.00000E-01	1.85836E+04	2.50224E+04
4.00000E-01	1.89185E+04	2.40179E+04
7.00000E-01	1.28803E+04	2.10313E+04
6.00000E-01	1.65024E+04	2.40268E+04
5.00000E-01	1.83783E+04	2.50224E+04
4.00000E-01	1.84595E+04	2.40179E+04
3.00000E-01	1.67945E+04	2.10134E+04
6.00000E-01	1.69615E+04	2.40268E+04
5.00000E-01	1.85836E+04	2.50224E+04
4.00000E-01	1.84595E+04	2.40179E+04
3.00000E-01	1.65407E+04	2.10134E+04
2.00000E-01	1.28756E+04	1.60089E+04
5.00000E-01	1.92964E+04	2.50224E+04
4.00000E-01	1.89185E+04	2.40179E+04
3.00000E-01	1.67945E+04	2.10134E+04
2.00000E-01	1.28756E+04	1.60089E+04
1.00000E-01	7.21059E+03	9.00447E+03
1.00000E+00	-1.50965E+04	-5.09446E+03
1.00000E+00	-2.24715E+04	-1.23211E+04
1.00000E+00	-3.10288E+04	-2.12708E+04
1.00000E+00	-4.08286E+04	-3.19520E+04
1.00000E+00	-5.18369E+04	-4.43737E+04
1.00000E+00	-9.29560E+03	1.05148E+03
1.00000E+00	-1.09387E+04	-2.38358E+02
1.00000E+00	-1.25537E+04	-1.75525E+03
1.00000E+00	-1.40386E+04	-3.40764E+03
1.00000E+00	-2.14475E+04	-1.12873E+04
1.00000E+00	-2.19412E+04	-1.14136E+04
1.00000E+00	-2.23634E+04	-1.17836E+04
1.00000E+00	-3.24875E+04	-2.28416E+04
1.00000E+00	-3.18753E+04	-2.19082E+04
1.00000E+00	-4.26144E+04	-3.38049E+04
1.00000E+00	-2.24715E+04	-1.23211E+04
1.00000E+00	-2.48323E+04	-1.41816E+04
1.00000E+00	-2.83870E+04	-1.77737E+04
1.00000E+00	-3.31989E+04	-2.31062E+04
1.00000E+00	-3.92381E+04	-3.01865E+04
1.00000E+00	-1.02053E+04	1.43990E+03
1.00000E+00	-1.32356E+04	-1.70956E+03
1.00000E+00	-1.64038E+04	-5.02843E+03
1.00000E+00	-1.95796E+04	-8.59097E+03
1.00000E+00	-1.89280E+04	-7.39888E+03
1.00000E+00	-2.08629E+04	-9.36723E+03
1.00000E+00	-2.29254E+04	-1.16264E+04
1.00000E+00	-2.65653E+04	-1.54069E+04
1.00000E+00	-2.74983E+04	-1.64340E+04
1.00000E+00	-3.33546E+04	-2.30104E+04
1.00000E+00	-3.10288E+04	-2.12708E+04
1.00000E+00	-2.83870E+04	-1.77737E+04
1.00000E+00	-2.69539E+04	-1.60170E+04
1.00000E+00	-2.67966E+04	-1.60081E+04
1.00000E+00	-2.78939E+04	-1.77428E+04
1.00000E+00	-1.27748E+04	-4.38765E+02
1.00000E+00	-1.69126E+04	-4.91029E+03
1.00000E+00	-2.15221E+04	-1.00712E+04
1.00000E+00	-2.63380E+04	-1.55230E+04
1.00000E+00	-1.80402E+04	-5.57628E+03
1.00000E+00	-2.11373E+04	-9.02171E+03
1.00000E+00	-2.47448E+04	-1.32414E+04
1.00000E+00	-2.22789E+04	-1.00129E+04
1.00000E+00	-2.44350E+04	-1.27286E+04
1.00000E+00	-2.55432E+04	-1.38457E+04
1.00000E+00	-4.08286E+04	-3.19520E+04
1.00000E+00	-3.31989E+04	-2.31062E+04
1.00000E+00	-2.67966E+04	-1.60081E+04
1.00000E+00	-2.16974E+04	-1.06536E+04
1.00000E+00	-1.79124E+04	-6.94290E+03
1.00000E+00	-1.66625E+04	-4.65475E+03
1.00000E+00	-2.22698E+04	-1.01769E+04
1.00000E+00	-2.80415E+04	-1.68149E+04
1.00000E+00	-3.44025E+04	-2.42271E+04
1.00000E+00	-1.84979E+04	-6.20892E+03
1.00000E+00	-2.30958E+04	-1.07169E+04
1.00000E+00	-2.79265E+04	-1.66252E+04
1.00000E+00	-1.93266E+04	-7.07871E+03
1.00000E+00	-2.28686E+04	-1.06531E+04
1.00000E+00	-1.91821E+04	-7.26520E+03
1.00000E+00	-5.18369E+04	-4.43737E+04
1.00000E+00	-3.92381E+04	-3.01865E+04
1.00000E+00	-2.78939E+04	-1.77428E+04
1.00000E+00	-1.79124E+04	-6.94290E+03
1.00000E+00	-9.23924E+03	1.60115E+03
1.00000E+00	-2.17017E+04	-1.05830E+04
1.00000E+00	-2.89240E+04	-1.78987E+04
1.00000E+00	-3.61966E+04	-2.55993E+04
1.00000E+00	-4.37807E+04	-3.47002E+04
1.00000E+00	-2.00908E+04	-8.55618E+03
1.00000E+00	-2.63401E+04	-1.48719E+04
1.00000E+00	-3.25566E+04	-2.16388E+04
1.00000E+00	-1.74876E+04	-5.83295E+03
1.00000E+00	-2.27040E+04	-1.11618E+04
1.00000E+00	-1.39303E+04	-2.43788E+03
1.00000E+00	-9.29560E+03	1.05148E+03
1.00000E+00	-1.02053E+04	1.43990E+03
1.00000E+00	-1.27748E+04	-4.38765E+02
1.00000E+00	-1.66625E+04	-4.65475E+03
1.00000E+00	-2.17017E+04	-1.05830E+04
1.00000E+00	-1.09158E+04	-1.11467E+03
1.00000E+00	-9.97375E+03	8.37678E+02
1.00000E+00	-9.38892E+03	2.00521E+03
1.00000E+00	-9.07669E+03	2.32417E+03
1.00000E+00	-1.51246E+04	-4.46178E+03
1.00000E+00	-1.33019E+04	-1.68118E+03
1.00000E+00	-1.17255E+04	4.33966E+02
1.00000E+00	-1.82957E+04	-7.09598E+03
1.00000E+00	-1.55742E+04	-3.49804E+03
1.00000E+00	-2.05632E+04	-9.15466E+03
1.00000E+00	-1.09387E+04	-2.38358E+02
1.00000E+00	-1.32356E+04	-1.70956E+03
1.00000E+00	-1.69126E+04	-4.91029E+03
1.00000E+00	-2.22698E+04	-1.01769E+04
1.00000E+00	-2.89240E+04	-1.78987E+04
1.00000E+00	-9.97375E+03	8.37678E+02
1.00000E+00	-9.65521E+03	2.00521E+03
1.00000E+00	-9.57611E+03	2.32417E+03
1.00000E+00	-1.02131E+04	1.05148E+03
1.00000E+00	-1.62428E+04	-4.87377E+03
1.00000E+00	-1.49784E+04	-2.75862E+03
1.00000E+00	-1.39067E+04	-1.75269E+03
1.00000E+00	-2.15017E+04	-9.88322E+03
1.00000E+00	-1.92296E+04	-6.82394E+03
1.00000E+00	-2.57919E+04	-1.42325E+04
1.00000E+00	-1.25537E+04	-1.75525E+03
1.00000E+00	-1.64038E+04	-5.02843E+03
1.00000E+00	-2.15221E+04	-1.00712E+04
1.00000E+00	-2.80415E+04	-1.68149E+04
1.00000E+00	-3.61966E+04	-2.55993E+04
1.00000E+00	-9.38892E+03	2.00521E+03
1.00000E+00	-9.57611E+03	2.32417E+03
1.00000E+00	-1.04462E+04	1.05148E+03
1.00000E+00	-1.15899E+04	-2.38358E+02
1.00000E+00	-1.76530E+04	-5.95121E+03
1.00000E+00	-1.68933E+04	-4.94528E+03
1.00000E+00	-1.66706E+04	-4.90215E+03
1.00000E+00	-2.48908E+04	-1.32091E+04
1.00000E+00	-2.31011E+04	-1.12955E+04
1.00000E+00	-3.11329E+04	-1.97546E+04
1.00000E+00	-1.40386E+04	-3.40764E+03
1.00000E+00	-1.95796E+04	-8.59097E+03
1.00000E+00	-2.63380E+04	-1.55230E+04
1.00000E+00	-3.44025E+04	-2.42271E+04
1.00000E+00	-4.37807E+04	-3.47002E+04
1.00000E+00	-9.07669E+03	2.32417E+03
1.00000E+00	-1.02131E+04	1.05148E+03
1.00000E+00	-1.15899E+04	-2.38358E+02
1.00000E+00	-1.29718E+04	-1.75525E+03
1.00000E+00	-1.93347E+04	-8.13787E+03
1.00000E+00	-1.94241E+04	-8.09474E+03
1.00000E+00	-1.96057E+04	-8.22102E+03
1.00000E+00	-2.85292E+04	-1.76806E+04
1.00000E+00	-2.74775E+04	-1.64564E+04
1.00000E+00	-3.66714E+04	-2.63927E+04
1.00000E+00	-2.14475E+04	-1.12873E+04
1.00000E+00	-1.89280E+04	-7.39888E+03
1.00000E+00	-1.80402E+04	-5.57628E+03
1.00000E+00	-1.84979E+04	-6.20892E+03
1.00000E+00	-2.00908E+04	-8.55618E+03
1.00000E+00	-1.51246E+04	-4.46178E+03
1.00000E+00	-1.62428E+04	-4.87377E+03
1.00000E+00	-1.76530E+04	-5.95121E+03
1.00000E+00	-1.93347E+04	-8.13787E+03
1.00000E+00	-1.78239E+04	-6.39198E+03
1.00000E+00	-1.80890E+04	-5.98663E+03
1.00000E+00	-1.84916E+04	-6.11994E+03
1.00000E+00	-1.95865E+04	-7.74666E+03
1.00000E+00	-1.88877E+04	-6.43934E+03
1.00000E+00	-2.04049E+04	-8.47096E+03
1.00000E+00	-2.19412E+04	-1.14136E+04
1.00000E+00	-2.08629E+04	-9.36723E+03
1.00000E+00	-2.11373E+04	-9.02171E+03
1.00000E+00	-2.30958E+04	-1.07169E+04
1.00000E+00	-2.63401E+04	-1.48719E+04
1.00000E+00	-1.33019E+04	-1.68118E+03
1.00000E+00	-1.49784E+04	-2.75862E+03
1.00000E+00	-1.68933E+04	-4.94528E+03
1.00000E+00	-1.94241E+04	-8.09474E+03
1.00000E+00	-1.80890E+04	-5.98663E+03
1.00000E+00	-1.88036E+04	-6.11994E+03
1.00000E+00	-1.96885E+04	-7.39888E+03
1.00000E+00	-2.18743E+04	-9.63193E+03
1.00000E+00	-2.15541E+04	-8.76887E+03
1.00000E+00	-2.46864E+04	-1.25941E+04
1.00000E+00	-2.23634E+04	-1.17836E+04
1.00000E+00	-2.29254E+04	-1.16264E+04
1.00000E+00	-2.47448E+04	-1.32414E+04
1.00000E+00	-2.79265E+04	-1.66252E+04
1.00000E+00	-3.25566E+04	-2.16388E+04
1.00000E+00	-1.17255E+04	4.33966E+02
1.00000E+00	-1.39067E+04	-1.75269E+03
1.00000E+00	-1.66706E+04	-4.90215E+03
1.00000E+00	-1.96057E+04	-8.22102E+03
1.00000E+00	-1.84916E+04	-6.11994E+03
1.00000E+00	-1.96885E+04	-7.39888E+03
1.00000E+00	-2.13113E+04	-9.36723E+03
1.00000E+00	-2.42287E+04	-1.19615E+04
1.00000E+00	-2.43392E+04	-1.22143E+04
1.00000E+00	-2.89723E+04	-1.71021E+04
1.00000E+00	-3.24875E+04	-2.28416E+04
1.00000E+00	-2.65653E+04	-1.54069E+04
1.00000E+00	-2.22789E+04	-1.00129E+04
1.00000E+00	-1.93266E+04	-7.07871E+03
1.00000E+00	-1.74876E+04	-5.83295E+03
1.00000E+00	-1.82957E+04	-7.09598E+03
1.00000E+00	-2.15017E+04	-9.88322E+03
1.00000E+00	-2.48908E+04	-1.32091E+04
1.00000E+00	-2.85292E+04	-1.76806E+04
1.00000E+00	-1.95865E+04	-7.74666E+03
1.00000E+00	-2.18743E+04	-9.63193E+03
1.00000E+00	-2.42287E+04	-1.19615E+04
1.00000E+00	-1.99000E+04	-7.76696E+03
1.00000E+00	-2.11948E+04	-8.69751E+03
1.00000E+00	-1.92658E+04	-7.14818E+03
1.00000E+00	-3.18753E+04	-2.19082E+04
1.00000E+00	-2.74983E+04	-1.64340E+04
1.00000E+00	-2.44350E+04	-1.27286E+04
1.00000E+00	-2.28686E+04	-1.06531E+04
1.00000E+00	-2.27040E+04	-1.11618E+04
1.00000E+00	-1.55742E+04	-3.49804E+03
1.00000E+00	-1.92296E+04	-6.82394E+03
1.00000E+00	-2.31011E+04	-1.12955E+04
1.00000E+00	-2.74775E+04	-1.64564E+04
1.00000E+00	-1.88877E+04	-6.43934E+03
1.00000E+00	-2.15541E+04	-8.76887E+03
1.00000E+00	-2.43392E+04	-1.22143E+04
1.00000E+00	-2.11948E+04	-8.69751E+03
1.00000E+00	-2.28062E+04	-1.00129E+04
1.00000E+00	-2.25285E+04	-1.02713E+04
1.00000E+00	-4.26144E+04	-3.38049E+04
1.00000E+00	-3.33546E+04	-2.30104E+04
1.00000E+00	-2.55432E+04	-1.38457E+04
1.00000E+00	-1.91821E+04	-7.26520E+03
1.00000E+00	-1.39303E+04	-2.43788E+03
1.00000E+00	-2.05632E+04	-9.15466E+03
1.00000E+00	-2.57919E+04	-1.42325E+04
1.00000E+00	-3.11329E+04	-1.97546E+04
1.00000E+00	-3.66714E+04	-2.63927E+04
1.00000E+00	-2.04049E+04	-8.47096E+03
1.00000E+00	-2.46864E+04	-1.25941E+04
1.00000E+00	-2.89723E+04	-1.71021E+04
1.00000E+00	-1.92658E+04	-7.14818E+03
1.00000E+00	-2.25285E+04	-1.02713E+04
1.00000E+00	-1.71676E+04	-5.12895E+03
1.00000E+00	-1.50965E+04	-5.09446E+03
1.00000E+00	-2.24715E+04	-1.23211E+04
1.00000E+00	-3.10288E+04	-2.12708E+04
1.00000E+00	-4.08286E+04	-3.19520E+04
1.00000E+00	-5.18369E+04	-4.43737E+04
6.00000E-01	2.09463E+04	2.71924E+04
7.00000E-01	1.52625E+04	2.29100E+04
8.00000E-01	7.33723E+03	1.60955E+04
9.00000E-01	-2.84801E+03	6.75787E+03
7.00000E-01	4.92552E+03	1.15506E+04
8.00000E-01	-1.90305E+03	6.23480E+03
9.00000E-01	-1.10857E+04	-1.72541E+03
8.00000E-01	-1.25595E+04	-5.59105E+03
9.00000E-01	-2.06455E+04	-1.20525E+04
9.00000E-01	-3.15420E+04	-2.42325E+04
1.00000E+00	-2.24715E+04	-1.23211E+04
1.00000E+00	-2.48323E+04	-1.41816E+04
1.00000E+00	-2.83870E+04	-1.77737E+04
1.00000E+00	-3.31989E+04	-2.31062E+04
1.00000E+00	-3.92381E+04	-3.01865E+04
6.00000E-01	2.04304E+04	2.74944E+04
7.00000E-01	1.23430E+04	2.08365E+04
8.00000E-01	2.47083E+03	1.19762E+04
9.00000E-01	-9.20050E+03	9.20654E+02
7.00000E-01	7.45062E+03	1.51555E+04
8.00000E-01	-1.46459E+03	7.68879E+03
9.00000E-01	-1.22773E+04	-2.09267E+03
8.00000E-01	-6.83499E+03	1.42899E+03
9.00000E-01	-1.66907E+04	-6.95879E+03
9.00000E-01	-2.24596E+04	-1.36850E+04
1.00000E+00	-3.10288E+04	-2.12708E+04
1.00000E+00	-2.83870E+04	-1.77737E+04
1.00000E+00	-2.69539E+04	-1.60170E+04
1.00000E+00	-2.67966E+04	-1.60081E+04
1.00000E+00	-2.78939E+04	-1.77428E+04
6.00000E-01	1.80261E+04	2.56037E+04
7.00000E-01	7.72086E+03	1.66784E+04
8.00000E-01	-3.92104E+03	5.89173E+03
9.00000E-01	-1.69055E+04	-6.76042E+03
7.00000E-01	8.24573E+03	1.66798E+04
8.00000E-01	-2.57038E+03	7.17038E+03
9.00000E-01	-1.48358E+04	-4.31273E+03
8.00000E-01	-2.68198E+03	6.48082E+03
9.00000E-01	-1.41216E+04	-3.72511E+03
9.00000E-01	-1.47902E+04	-4.99339E+03
1.00000E+00	-4.08286E+04	-3.19520E+04
1.00000E+00	-3.31989E+04	-2.31062E+04
1.00000E+00	-2.67966E+04	-1.60081E+04
1.00000E+00	-2.16974E+04	-1.06536E+04
1.00000E+00	-1.79124E+04	-6.94290E+03
6.00000E-01	1.36252E+04	2.16199E+04
7.00000E-01	1.32016E+03	1.04397E+04
8.00000E-01	-1.19057E+04	-2.16512E+03
9.00000E-01	-2.60260E+04	-1.62943E+04
7.00000E-01	7.20277E+03	1.62235E+04
8.00000E-01	-5.29625E+03	4.68377E+03
9.00000E-01	-1.88288E+04	-8.39286E+03
8.00000E-01	-2.08568E+02	9.66423E+03
9.00000E-01	-1.30142E+04	-2.34732E+03
9.00000E-01	-8.64193E+03	1.94210E+03
1.00000E+00	-5.18369E+04	-4.43737E+04
1.00000E+00	-3.92381E+04	-3.01865E+04
1.00000E+00	-2.78939E+04	-1.77428E+04
1.00000E+00	-1.79124E+04	-6.94290E+03
1.00000E+00	-9.23924E+03	1.60115E+03
6.00000E-01	7.28217E+03	1.49309E+04
7.00000E-01	-6.87004E+03	2.22023E+03
8.00000E-01	-2.14619E+04	-1.21902E+04
9.00000E-01	-3.65324E+04	-2.76882E+04
7.00000E-01	4.37607E+03	1.31743E+04
8.00000E-01	-9.65317E+03	3.28729E+02
9.00000E-01	-2.42348E+04	-1.43289E+04
8.00000E-01	6.39552E+02	1.03672E+04
9.00000E-01	-1.33794E+04	-2.72565E+03
9.00000E-01	-3.96052E+03	6.50944E+03
6.00000E-01	2.09463E+04	2.71924E+04
6.00000E-01	2.04304E+04	2.74944E+04
6.00000E-01	1.80261E+04	2.56037E+04
6.00000E-01	1.36252E+04	2.16199E+04
6.00000E-01	7.28217E+03	1.49309E+04
2.00000E-01	1.13271E+04	1.50460E+04
3.00000E-01	1.72118E+04	2.22197E+04
4.00000E-01	2.07552E+04	2.63460E+04
5.00000E-01	2.19186E+04	2.80368E+04
3.00000E-01	1.15401E+04	1.65930E+04
4.00000E-01	1.69139E+04	2.31826E+04
5.00000E-01	1.98338E+04	2.66124E+04
4.00000E-01	1.09227E+04	1.70896E+04
5.00000E-01	1.56729E+04	2.29827E+04
5.00000E-01	9.44176E+03	1.65355E+04
7.00000E-01	1.52625E+04	2.29100E+04
7.00000E-01	1.23430E+04	2.08365E+04
7.00000E-01	7.72086E+03	1.66784E+04
7.00000E-01	1.32016E+03	1.04397E+04
7.00000E-01	-6.87004E+03	2.22023E+03
3.00000E-01	1.72118E+04	2.22197E+04
4.00000E-01	2.01720E+04	2.61213E+04
5.00000E-01	2.07853E+04	2.75875E+04
6.00000E-01	1.90781E+04	2.65185E+04
4.00000E-01	1.26532E+04	1.89641E+04
5.00000E-01	1.49442E+04	2.21693E+04
6.00000E-01	1.47755E+04	2.28267E+04
5.00000E-01	7.10586E+03	1.45457E+04
6.00000E-01	8.61478E+03	1.69421E+04
6.00000E-01	5.36460E+02	8.96441E+03
8.00000E-01	7.33723E+03	1.60955E+04
8.00000E-01	2.47083E+03	1.19762E+04
8.00000E-01	-3.92104E+03	5.89173E+03
8.00000E-01	-1.19057E+04	-2.16512E+03
8.00000E-01	-2.14619E+04	-1.21902E+04
4.00000E-01	2.07552E+04	2.63460E+04
5.00000E-01	2.07853E+04	2.75875E+04
6.00000E-01	1.85280E+04	2.62938E+04
7.00000E-01	1.39774E+04	2.24607E+04
5.00000E-01	1.19006E+04	1.86247E+04
6.00000E-01	1.11029E+04	1.90575E+04
7.00000E-01	7.90510E+03	1.68427E+04
6.00000E-01	1.89858E+03	9.62826E+03
7.00000E-01	1.60426E+02	9.13993E+03
7.00000E-01	-9.28389E+03	-6.43362E+02
9.00000E-01	-2.84801E+03	6.75787E+03
9.00000E-01	-9.20050E+03	9.20654E+02
9.00000E-01	-1.69055E+04	-6.76042E+03
9.00000E-01	-2.60260E+04	-1.62943E+04
9.00000E-01	-3.65324E+04	-2.76882E+04
5.00000E-01	2.19186E+04	2.80368E+04
6.00000E-01	1.90781E+04	2.65185E+04
7.00000E-01	1.39774E+04	2.24607E+04
8.00000E-01	6.60224E+03	1.58709E+04
6.00000E-01	9.24318E+03	1.61868E+04
7.00000E-01	5.41642E+03	1.37474E+04
8.00000E-01	-7.83189E+02	8.65623E+03
7.00000E-01	-4.73803E+03	2.94927E+03
8.00000E-01	-9.66374E+03	-5.23553E+02
8.00000E-01	-2.00582E+04	-1.16757E+04
7.00000E-01	4.92552E+03	1.15506E+04
7.00000E-01	7.45062E+03	1.51555E+04
7.00000E-01	8.24573E+03	1.66798E+04
7.00000E-01	7.20277E+03	1.62235E+04
7.00000E-01	4.37607E+03	1.31743E+04
3.00000E-01	1.15401E+04	1.65930E+04
4.00000E-01	1.26532E+04	1.89641E+04
5.00000E-01	1.19006E+04	1.86247E+04
6.00000E-01	9.24318E+03	1.61868E+04
4.00000E-01	1.09734E+04	1.73142E+04
5.00000E-01	1.17341E+04	1.92135E+04
6.00000E-01	1.05163E+04	1.82899E+04
5.00000E-01	9.57618E+03	1.69848E+04
6.00000E-01	9.87180E+03	1.82999E+04
6.00000E-01	7.31544E+03	1.56048E+04
8.00000E-01	-1.90305E+03	6.23480E+03
8.00000E-01	-1.46459E+03	7.68879E+03
8.00000E-01	-2.57038E+03	7.17038E+03
8.00000E-01	-5.29625E+03	4.68377E+03
8.00000E-01	-9.65317E+03	3.28729E+02
4.00000E-01	1.69139E+04	2.31826E+04
5.00000E-01	1.49442E+04	2.21693E+04
6.00000E-01	1.11029E+04	1.90575E+04
7.00000E-01	5.41642E+03	1.37474E+04
5.00000E-01	1.17341E+04	1.92135E+04
6.00000E-01	9.25349E+03	1.76160E+04
7.00000E-01	4.78864E+03	1.38077E+04
6.00000E-01	5.56538E+03	1.40814E+04
7.00000E-01	2.46123E+03	1.17875E+04
7.00000E-01	-1.62534E+03	7.78651E+03
9.00000E-01	-1.10857E+04	-1.72541E+03
9.00000E-01	-1.22773E+04	-2.09267E+03
9.00000E-01	-1.48358E+04	-4.31273E+03
9.00000E-01	-1.88288E+04	-8.39286E+03
9.00000E-01	-2.42348E+04	-1.43289E+04
5.00000E-01	1.98338E+04	2.66124E+04
6.00000E-01	1.47755E+04	2.28267E+04
7.00000E-01	7.90510E+03	1.68427E+04
8.00000E-01	-7.83189E+02	8.65623E+03
6.00000E-01	1.05163E+04	1.82899E+04
7.00000E-01	4.78864E+03	1.38077E+04
8.00000E-01	-2.86376E+03	7.01489E+03
7.00000E-01	5.14512E+01	8.69214E+03
8.00000E-01	-6.45823E+03	3.40116E+03
8.00000E-01	-1.15939E+04	-2.18078E+03
8.00000E-01	-1.25595E+04	-5.59105E+03
8.00000E-01	-6.83499E+03	1.42899E+03
8.00000E-01	-2.68198E+03	6.48082E+03
8.00000E-01	-2.08568E+02	9.66423E+03
8.00000E-01	6.39552E+02	1.03672E+04
4.00000E-01	1.09227E+04	1.70896E+04
5.00000E-01	7.10586E+03	1.45457E+04
6.00000E-01	1.89858E+03	9.62826E+03
7.00000E-01	-4.73803E+03	2.94927E+03
5.00000E-01	9.57618E+03	1.69848E+04
6.00000E-01	5.56538E+03	1.40814E+04
7.00000E-01	5.14512E+01	8.69214E+03
6.00000E-01	7.39922E+03	1.58295E+04
7.00000E-01	3.08178E+03	1.24543E+04
7.00000E-01	4.35871E+03	1.36236E+04
9.00000E-01	-2.06455E+04	-1.20525E+04
9.00000E-01	-1.66907E+04	-6.95879E+03
9.00000E-01	-1.41216E+04	-3.72511E+03
9.00000E-01	-1.30142E+04	-2.34732E+03
9.00000E-01	-1.33794E+04	-2.72565E+03
5.00000E-01	1.56729E+04	2.29827E+04
6.00000E-01	8.61478E+03	1.69421E+04
7.00000E-01	1.60426E+02	9.13993E+03
8.00000E-01	-9.66374E+03	-5.23553E+02
6.00000E-01	9.87180E+03	1.82999E+04
7.00000E-01	2.46123E+03	1.17875E+04
8.00000E-01	-6.45823E+03	3.40116E+03
7.00000E-01	3.08178E+03	1.24543E+04
8.00000E-01	-4.79390E+03	5.35766E+03
8.00000E-01	-4.73026E+03	5.44574E+03
9.00000E-01	-3.15420E+04	-2.42325E+04
9.00000E-01	-2.24596E+04	-1.36850E+04
9.00000E-01	-1.47902E+04	-4.99339E+03
9.00000E-01	-8.64193E+03	1.94210E+03
9.00000E-01	-3.96052E+03	6.50944E+03
5.00000E-01	9.44176E+03	1.65355E+04
6.00000E-01	5.36460E+02	8.96441E+03
7.00000E-01	-9.28389E+03	-6.43362E+02
8.00000E-01	-2.00582E+04	-1.16757E+04
6.00000E-01	7.31544E+03	1.56048E+04
7.00000E-01	-1.62534E+03	7.78651E+03
8.00000E-01	-1.15939E+04	-2.18078E+03
7.00000E-01	4.35871E+03	1.36236E+04
8.00000E-01	-4.73026E+03	5.44574E+03
8.00000E-01	5.38412E+02	1.05918E+04
1.00000E+00	-1.50965E+04	-5.09446E+03
1.00000E+00	-2.24715E+04	-1.23211E+04
1.00000E+00	-3.10288E+04	-2.12708E+04
1.00000E+00	-4.08286E+04	-3.19520E+04
1.00000E+00	-5.18369E+04	-4.43737E+04
1.00000E+00	-6.87976E+03	4.69456E+03
1.00000E+00	-4.57349E+03	7.44794E+03
1.00000E+00	-4.86665E+03	6.56848E+03
1.00000E+00	-8.36862E+03	2.53010E+03
1.00000E+00	-1.88966E+04	-7.79855E+03
1.00000E+00	-1.84457E+04	-7.43486E+03
1.00000E+00	-1.96096E+04	-8.83937E+03
1.00000E+00	-3.04436E+04	-2.04811E+04
1.00000E+00	-3.06758E+04	-2.06018E+04
1.00000E+00	-4.15770E+04	-3.27593E+04
1.00000E+00	-2.24715E+04	-1.23211E+04
1.00000E+00	-2.48323E+04	-1.41816E+04
1.00000E+00	-2.83870E+04	-1.77737E+04
1.00000E+00	-3.31989E+04	-2.31062E+04
1.00000E+00	-3.92381E+04	-3.01865E+04
1.00000E+00	-1.29899E+04	-9.54203E+02
1.00000E+00	-7.57075E+03	4.84209E+03
1.00000E+00	-6.98599E+03	4.83861E+03
1.00000E+00	-1.19414E+04	-7.79451E+02
1.00000E+00	-2.08459E+04	-9.04823E+03
1.00000E+00	-1.82150E+04	-6.43687E+03
1.00000E+00	-1.95006E+04	-8.11191E+03
1.00000E+00	-2.78782E+04	-1.67086E+04
1.00000E+00	-2.68949E+04	-1.58394E+04
1.00000E+00	-3.41380E+04	-2.39576E+04
1.00000E+00	-3.10288E+04	-2.12708E+04
1.00000E+00	-2.83870E+04	-1.77737E+04
1.00000E+00	-2.69539E+04	-1.60170E+04
1.00000E+00	-2.67966E+04	-1.60081E+04
1.00000E+00	-2.78939E+04	-1.77428E+04
1.00000E+00	-1.49627E+04	-3.01929E+03
1.00000E+00	-7.73895E+03	4.48079E+03
1.00000E+00	-7.63348E+03	4.06580E+03
1.00000E+00	-1.53697E+04	-4.48197E+03
1.00000E+00	-1.99618E+04	-8.03067E+03
1.00000E+00	-1.65278E+04	-4.43510E+03
1.00000E+00	-1.92570E+04	-7.77951E+03
1.00000E+00	-2.38697E+04	-1.21480E+04
1.00000E+00	-2.29932E+04	-1.14677E+04
1.00000E+00	-2.66031E+04	-1.55067E+04
1.00000E+00	-4.08286E+04	-3.19520E+04
1.00000E+00	-3.31989E+04	-2.31062E+04
1.00000E+00	-2.67966E+04	-1.60081E+04
1.00000E+00	-2.16974E+04	-1.06536E+04
1.00000E+00	-1.79124E+04	-6.94290E+03
1.00000E+00	-1.28469E+04	-1.50069E+03
1.00000E+00	-5.12238E+03	6.38673E+03
1.00000E+00	-6.87291E+03	4.29676E+03
1.00000E+00	-1.87120E+04	-8.57957E+03
1.00000E+00	-1.62910E+04	-4.73554E+03
1.00000E+00	-1.34459E+04	-1.64537E+03
1.00000E+00	-1.89412E+04	-7.83777E+03
1.00000E+00	-1.84077E+04	-6.81041E+03
1.00000E+00	-1.90442E+04	-7.44673E+03
1.00000E+00	-1.90623E+04	-7.57530E+03
1.00000E+00	-5.18369E+04	-4.43737E+04
1.00000E+00	-3.92381E+04	-3.01865E+04
1.00000E+00	-2.78939E+04	-1.77428E+04
1.00000E+00	-1.79124E+04	-6.94290E+03
1.00000E+00	-9.23924E+03	1.60115E+03
1.00000E+00	-6.59371E+03	3.60159E+03
1.00000E+00	3.29575E+02	1.05702E+04
1.00000E+00	-4.66912E+03	5.31568E+03
1.00000E+00	-2.19335E+04	-1.30678E+04
1.00000E+00	-9.78389E+03	8.41232E+02
1.00000E+00	-8.86207E+03	1.92144E+03
1.00000E+00	-1.85295E+04	-8.24679E+03
1.00000E+00	-1.14174E+04	-5.26885E+02
1.00000E+00	-1.50406E+04	-3.94537E+03
1.00000E+00	-1.13549E+04	-3.30665E+02
1.00000E+00	-6.87976E+03	4.69456E+03
1.00000E+00	-1.29899E+04	-9.54203E+02
1.00000E+00	-1.49627E+04	-3.01929E+03
1.00000E+00	-1.28469E+04	-1.50069E+03
1.00000E+00	-6.59371E+03	3.60159E+03
1.00000E+00	-6.33635E+03	4.84044E+03
1.00000E+00	-3.55383E+03	8.13529E+03
1.00000E+00	-2.72994E+03	9.21523E+03
1.00000E+00	-3.89944E+03	8.07222E+03
1.00000E+00	-7.89468E+03	3.30529E+03
1.00000E+00	-9.08161E+03	2.75397E+03
1.00000E+00	-1.08254E+04	1.33473E+03
1.00000E+00	-8.58631E+03	2.47178E+03
1.00000E+00	-1.22828E+04	-5.18379E+02
1.00000E+00	-8.27180E+03	2.51301E+03
1.00000E+00	-4.57349E+03	7.44794E+03
1.00000E+00	-7.57075E+03	4.84209E+03
1.00000E+00	-7.73895E+03	4.48079E+03
1.00000E+00	-5.12238E+03	6.38673E+03
1.00000E+00	3.29575E+02	1.05702E+04
1.00000E+00	-3.55383E+03	8.13529E+03
1.00000E+00	-8.83892E+02	1.13276E+04
1.00000E+00	-1.74198E+02	1.22969E+04
1.00000E+00	-1.46023E+03	1.10316E+04
1.00000E+00	-3.99138E+03	7.60951E+03
1.00000E+00	-4.67083E+03	7.56661E+03
1.00000E+00	-5.90744E+03	6.65401E+03
1.00000E+00	-3.62010E+03	7.72071E+03
1.00000E+00	-6.18701E+03	5.86014E+03
1.00000E+00	-2.29895E+03	8.64995E+03
1.00000E+00	-4.86665E+03	6.56848E+03
1.00000E+00	-6.98599E+03	4.83861E+03
1.00000E+00	-7.63348E+03	4.06580E+03
1.00000E+00	-6.87291E+03	4.29676E+03
1.00000E+00	-4.66912E+03	5.31568E+03
1.00000E+00	-2.72994E+03	9.21523E+03
1.00000E+00	-1.74198E+02	1.22969E+04
1.00000E+00	4.18963E+02	1.31439E+04
1.00000E+00	-1.00002E+03	1.16726E+04
1.00000E+00	-4.53702E+03	7.19944E+03
1.00000E+00	-4.70934E+03	7.66318E+03
1.00000E+00	-5.44473E+03	7.22759E+03
1.00000E+00	-5.59111E+03	5.76614E+03
1.00000E+00	-7.03003E+03	5.02713E+03
1.00000E+00	-5.75165E+03	5.09390E+03
1.00000E+00	-8.36862E+03	2.53010E+03
1.00000E+00	-1.19414E+04	-7.79451E+02
1.00000E+00	-1.53697E+04	-4.48197E+03
1.00000E+00	-1.87120E+04	-8.57957E+03
1.00000E+00	-2.19335E+04	-1.30678E+04
1.00000E+00	-3.89944E+03	8.07222E+03
1.00000E+00	-1.46023E+03	1.10316E+04
1.00000E+00	-1.00002E+03	1.16726E+04
1.00000E+00	-3.17237E+03	8.68081E+03
1.00000E+00	-9.56511E+03	2.07330E+03
1.00000E+00	-9.23621E+03	3.01404E+03
1.00000E+00	-9.84955E+03	2.00140E+03
1.00000E+00	-1.45341E+04	-3.39996E+03
1.00000E+00	-1.50245E+04	-3.72096E+03
1.00000E+00	-1.87125E+04	-8.43954E+03
1.00000E+00	-1.88966E+04	-7.79855E+03
1.00000E+00	-2.08459E+04	-9.04823E+03
1.00000E+00	-1.99618E+04	-8.03067E+03
1.00000E+00	-1.62910E+04	-4.73554E+03
1.00000E+00	-9.78389E+03	8.41232E+02
1.00000E+00	-7.89468E+03	3.30529E+03
1.00000E+00	-3.99138E+03	7.60951E+03
1.00000E+00	-4.53702E+03	7.19944E+03
1.00000E+00	-9.56511E+03	2.07330E+03
1.00000E+00	-1.01198E+04	1.20459E+03
1.00000E+00	-1.06950E+04	1.14679E+03
1.00000E+00	-1.43153E+04	-2.26814E+03
1.00000E+00	-1.13056E+04	-2.13726E+01
1.00000E+00	-1.48978E+04	-3.02590E+03
1.00000E+00	-1.13128E+04	-1.99984E+02
1.00000E+00	-1.84457E+04	-7.43486E+03
1.00000E+00	-1.82150E+04	-6.43687E+03
1.00000E+00	-1.65278E+04	-4.43510E+03
1.00000E+00	-1.34459E+04	-1.64537E+03
1.00000E+00	-8.86207E+03	1.92144E+03
1.00000E+00	-9.08161E+03	2.75397E+03
1.00000E+00	-4.67083E+03	7.56661E+03
1.00000E+00	-4.70934E+03	7.66318E+03
1.00000E+00	-9.23621E+03	3.01404E+03
1.00000E+00	-1.06950E+04	1.14679E+03
1.00000E+00	-1.01406E+04	2.21857E+03
1.00000E+00	-1.26329E+04	-7.47980E+01
1.00000E+00	-1.13254E+04	3.57645E+02
1.00000E+00	-1.31660E+04	-8.96409E+02
1.00000E+00	-1.08333E+04	5.59559E+02
1.00000E+00	-1.96096E+04	-8.83937E+03
1.00000E+00	-1.95006E+04	-8.11191E+03
1.00000E+00	-1.92570E+04	-7.77951E+03
1.00000E+00	-1.89412E+04	-7.83777E+03
1.00000E+00	-1.85295E+04	-8.24679E+03
1.00000E+00	-1.08254E+04	1.33473E+03
1.00000E+00	-5.90744E+03	6.65401E+03
1.00000E+00	-5.44473E+03	7.22759E+03
1.00000E+00	-9.84955E+03	2.00140E+03
1.00000E+00	-1.43153E+04	-2.26814E+03
1.00000E+00	-1.26329E+04	-7.47980E+01
1.00000E+00	-1.41767E+04	-1.95015E+03
1.00000E+00	-1.68785E+04	-5.10996E+03
1.00000E+00	-1.70170E+04	-4.89793E+03
1.00000E+00	-1.83836E+04	-7.05775E+03
1.00000E+00	-3.04436E+04	-2.04811E+04
1.00000E+00	-2.78782E+04	-1.67086E+04
1.00000E+00	-2.38697E+04	-1.21480E+04
1.00000E+00	-1.84077E+04	-6.81041E+03
1.00000E+00	-1.14174E+04	-5.26885E+02
1.00000E+00	-8.58631E+03	2.47178E+03
1.00000E+00	-3.62010E+03	7.72071E+03
1.00000E+00	-5.59111E+03	5.76614E+03
1.00000E+00	-1.45341E+04	-3.39996E+03
1.00000E+00	-1.13056E+04	-2.13726E+01
1.00000E+00	-1.13254E+04	3.57645E+02
1.00000E+00	-1.68785E+04	-5.10996E+03
1.00000E+00	-1.28131E+04	-1.46717E+03
1.00000E+00	-1.63573E+04	-4.54237E+03
1.00000E+00	-1.29695E+04	-1.69315E+03
1.00000E+00	-3.06758E+04	-2.06018E+04
1.00000E+00	-2.68949E+04	-1.58394E+04
1.00000E+00	-2.29932E+04	-1.14677E+04
1.00000E+00	-1.90442E+04	-7.44673E+03
1.00000E+00	-1.50406E+04	-3.94537E+03
1.00000E+00	-1.22828E+04	-5.18379E+02
1.00000E+00	-6.18701E+03	5.86014E+03
1.00000E+00	-7.03003E+03	5.02713E+03
1.00000E+00	-1.50245E+04	-3.72096E+03
1.00000E+00	-1.48978E+04	-3.02590E+03
1.00000E+00	-1.31660E+04	-8.96409E+02
1.00000E+00	-1.70170E+04	-4.89793E+03
1.00000E+00	-1.63573E+04	-4.54237E+03
1.00000E+00	-1.75359E+04	-5.28694E+03
1.00000E+00	-1.65225E+04	-4.89886E+03
1.00000E+00	-4.15770E+04	-3.27593E+04
1.00000E+00	-3.41380E+04	-2.39576E+04
1.00000E+00	-2.66031E+04	-1.55067E+04
1.00000E+00	-1.90623E+04	-7.57530E+03
1.00000E+00	-1.13549E+04	-3.30665E+02
1.00000E+00	-8.27180E+03	2.51301E+03
1.00000E+00	-2.29895E+03	8.64995E+03
1.00000E+00	-5.75165E+03	5.09390E+03
1.00000E+00	-1.87125E+04	-8.43954E+03
1.00000E+00	-1.13128E+04	-1.99984E+02
1.00000E+00	-1.08333E+04	5.59559E+02
1.00000E+00	-1.83836E+04	-7.05775E+03
1.00000E+00	-1.29695E+04	-1.69315E+03
1.00000E+00	-1.65225E+04	-4.89886E+03
1.00000E+00	-1.31026E+04	-1.79407E+03
1.00000E+00	-1.20715E+04	-3.67324E+03
1.00000E+00	-1.59635E+04	-6.76755E+03
1.00000E+00	-1.85552E+04	-8.82483E+03
1.00000E+00	-2.00657E+04	-1.00134E+04
1.00000E+00	-2.07809E+04	-1.07039E+04
6.00000E-01	1.44850E+04	2.04063E+04
7.00000E-01	1.04307E+04	1.73661E+04
8.00000E-01	4.62321E+03	1.23323E+04
9.00000E-01	-2.95203E+03	5.30702E+03
7.00000E-01	6.68766E+03	1.40689E+04
8.00000E-01	8.39217E+02	9.16150E+03
9.00000E-01	-6.76283E+03	2.21552E+03
8.00000E-01	-1.78933E+03	6.79628E+03
9.00000E-01	-9.37303E+03	3.59337E+01
9.00000E-01	-1.09930E+04	-1.44569E+03
1.00000E+00	-1.59635E+04	-6.76755E+03
1.00000E+00	-1.80709E+04	-8.12083E+03
1.00000E+00	-1.90486E+04	-8.60544E+03
1.00000E+00	-1.92795E+04	-8.59191E+03
1.00000E+00	-1.86660E+04	-8.04516E+03
6.00000E-01	1.16801E+04	1.83364E+04
7.00000E-01	7.43836E+03	1.51249E+04
8.00000E-01	1.40241E+03	9.86550E+03
9.00000E-01	-6.46606E+03	2.56752E+03
7.00000E-01	5.14592E+03	1.32663E+04
8.00000E-01	-8.51115E+02	8.20428E+03
9.00000E-01	-8.62233E+03	1.09193E+03
8.00000E-01	-2.08321E+03	7.15411E+03
9.00000E-01	-9.78836E+03	3.14314E+02
9.00000E-01	-1.00769E+04	5.02530E+01
1.00000E+00	-1.85552E+04	-8.82483E+03
1.00000E+00	-1.90486E+04	-8.60544E+03
1.00000E+00	-1.87466E+04	-7.88791E+03
1.00000E+00	-1.76488E+04	-6.63716E+03
1.00000E+00	-1.54908E+04	-4.59364E+03
6.00000E-01	9.82681E+03	1.69048E+04
7.00000E-01	5.41234E+03	1.36183E+04
8.00000E-01	-7.72208E+02	8.20428E+03
9.00000E-01	-8.80984E+03	7.39934E+02
7.00000E-01	4.53973E+03	1.30272E+04
8.00000E-01	-1.62928E+03	7.85811E+03
9.00000E-01	-9.52194E+03	6.66314E+02
8.00000E-01	-1.45445E+03	8.09578E+03
9.00000E-01	-9.35660E+03	1.10625E+03
9.00000E-01	-8.19753E+03	2.22639E+03
1.00000E+00	-2.00657E+04	-1.00134E+04
1.00000E+00	-1.92795E+04	-8.59191E+03
1.00000E+00	-1.76488E+04	-6.63716E+03
1.00000E+00	-1.50065E+04	-3.88964E+03
1.00000E+00	-1.13126E+04	-3.57349E+02
6.00000E-01	8.87654E+03	1.61117E+04
7.00000E-01	4.27331E+03	1.26752E+04
8.00000E-01	-2.08321E+03	7.15411E+03
9.00000E-01	-1.02423E+04	-3.89686E+02
7.00000E-01	4.84148E+03	1.34542E+04
8.00000E-01	-1.53335E+03	8.09578E+03
9.00000E-01	-9.62302E+03	7.54253E+02
8.00000E-01	1.19950E+02	9.79009E+03
9.00000E-01	-8.01001E+03	2.57839E+03
9.00000E-01	-5.32435E+03	5.19299E+03
1.00000E+00	-2.07809E+04	-1.07039E+04
1.00000E+00	-1.86660E+04	-8.04516E+03
1.00000E+00	-1.54908E+04	-4.59364E+03
1.00000E+00	-1.13126E+04	-3.57349E+02
1.00000E+00	-6.23206E+03	4.49159E+03
6.00000E-01	8.87956E+03	1.59661E+04
7.00000E-01	4.09078E+03	1.23982E+04
8.00000E-01	-2.47156E+03	6.68778E+03
9.00000E-01	-1.08276E+04	-1.00575E+03
7.00000E-01	6.09926E+03	1.45420E+04
8.00000E-01	-4.43239E+02	9.08609E+03
9.00000E-01	-8.76071E+03	1.52239E+03
8.00000E-01	2.64636E+03	1.21765E+04
9.00000E-01	-5.62112E+03	4.84099E+03
9.00000E-01	-1.51542E+03	8.85262E+03
6.00000E-01	1.44850E+04	2.04063E+04
6.00000E-01	1.16801E+04	1.83364E+04
6.00000E-01	9.82681E+03	1.69048E+04
6.00000E-01	8.87654E+03	1.61117E+04
6.00000E-01	8.87956E+03	1.59661E+04
2.00000E-01	8.93403E+03	1.22741E+04
3.00000E-01	1.29021E+04	1.73133E+04
4.00000E-01	1.51365E+04	2.03522E+04
5.00000E-01	1.56034E+04	2.13886E+04
3.00000E-01	9.90701E+03	1.46047E+04
4.00000E-01	1.21415E+04	1.78536E+04
5.00000E-01	1.26877E+04	1.91008E+04
4.00000E-01	1.02080E+04	1.59969E+04
5.00000E-01	1.07545E+04	1.74546E+04
5.00000E-01	9.80393E+03	1.64508E+04
7.00000E-01	1.04307E+04	1.73661E+04
7.00000E-01	7.43836E+03	1.51249E+04
7.00000E-01	5.41234E+03	1.36183E+04
7.00000E-01	4.27331E+03	1.26752E+04
7.00000E-01	4.09078E+03	1.23982E+04
3.00000E-01	1.29021E+04	1.73133E+04
4.00000E-01	1.48702E+04	2.03522E+04
5.00000E-01	1.51040E+04	2.13886E+04
6.00000E-01	1.35675E+04	2.04063E+04
4.00000E-01	1.16877E+04	1.75016E+04
5.00000E-01	1.19219E+04	1.87488E+04
6.00000E-01	1.04658E+04	1.79844E+04
5.00000E-01	9.80115E+03	1.67506E+04
6.00000E-01	8.34614E+03	1.62008E+04
6.00000E-01	7.20835E+03	1.50557E+04
8.00000E-01	4.62321E+03	1.23323E+04
8.00000E-01	1.40241E+03	9.86550E+03
8.00000E-01	-7.72208E+02	8.20428E+03
8.00000E-01	-2.08321E+03	7.15411E+03
8.00000E-01	-2.47156E+03	6.68778E+03
4.00000E-01	1.51365E+04	2.03522E+04
5.00000E-01	1.51040E+04	2.13886E+04
6.00000E-01	1.33343E+04	2.04063E+04
7.00000E-01	9.77948E+03	1.73661E+04
5.00000E-01	1.17344E+04	1.83968E+04
6.00000E-01	9.96625E+03	1.76324E+04
7.00000E-01	6.49040E+03	1.47729E+04
6.00000E-01	7.65907E+03	1.54968E+04
7.00000E-01	4.19795E+03	1.29143E+04
7.00000E-01	2.87141E+03	1.16192E+04
9.00000E-01	-2.95203E+03	5.30702E+03
9.00000E-01	-6.46606E+03	2.56752E+03
9.00000E-01	-8.80984E+03	7.39934E+02
9.00000E-01	-1.02423E+04	-3.89686E+02
9.00000E-01	-1.08276E+04	-1.00575E+03
5.00000E-01	1.56034E+04	2.13886E+04
6.00000E-01	1.35675E+04	2.04063E+04
7.00000E-01	9.77948E+03	1.73661E+04
8.00000E-01	4.20515E+03	1.23323E+04
6.00000E-01	1.00119E+04	1.72804E+04
7.00000E-01	6.22398E+03	1.44209E+04
8.00000E-01	6.87575E+02	9.51350E+03
7.00000E-01	3.74402E+03	1.22103E+04
8.00000E-01	-1.75346E+03	7.50028E+03
8.00000E-01	-3.25197E+03	6.09811E+03
7.00000E-01	6.68766E+03	1.40689E+04
7.00000E-01	5.14592E+03	1.32663E+04
7.00000E-01	4.53973E+03	1.30272E+04
7.00000E-01	4.84148E+03	1.34542E+04
7.00000E-01	6.09926E+03	1.45420E+04
3.00000E-01	9.90701E+03	1.46047E+04
4.00000E-01	1.16877E+04	1.75016E+04
5.00000E-01	1.17344E+04	1.83968E+04
6.00000E-01	1.00119E+04	1.72804E+04
4.00000E-01	9.94175E+03	1.59969E+04
5.00000E-01	9.98867E+03	1.71026E+04
6.00000E-01	8.34614E+03	1.62008E+04
5.00000E-01	9.30451E+03	1.64508E+04
6.00000E-01	7.66228E+03	1.57597E+04
6.00000E-01	7.96208E+03	1.59661E+04
8.00000E-01	8.39217E+02	9.16150E+03
8.00000E-01	-8.51115E+02	8.20428E+03
8.00000E-01	-1.62928E+03	7.85811E+03
8.00000E-01	-1.53335E+03	8.09578E+03
8.00000E-01	-4.43239E+02	9.08609E+03
4.00000E-01	1.21415E+04	1.78536E+04
5.00000E-01	1.19219E+04	1.87488E+04
6.00000E-01	9.96625E+03	1.76324E+04
7.00000E-01	6.22398E+03	1.44209E+04
5.00000E-01	9.98867E+03	1.71026E+04
6.00000E-01	8.03410E+03	1.62008E+04
7.00000E-01	4.38546E+03	1.32663E+04
6.00000E-01	7.16273E+03	1.54077E+04
7.00000E-01	3.51285E+03	1.26752E+04
7.00000E-01	3.62709E+03	1.27502E+04
9.00000E-01	-6.76283E+03	2.21552E+03
9.00000E-01	-8.62233E+03	1.09193E+03
9.00000E-01	-9.52194E+03	6.66314E+02
9.00000E-01	-9.62302E+03	7.54253E+02
9.00000E-01	-8.76071E+03	1.52239E+03
5.00000E-01	1.26877E+04	1.91008E+04
6.00000E-01	1.04658E+04	1.79844E+04
7.00000E-01	6.49040E+03	1.47729E+04
8.00000E-01	6.87575E+02	9.51350E+03
6.00000E-01	8.34614E+03	1.62008E+04
7.00000E-01	4.38546E+03	1.32663E+04
8.00000E-01	-1.29953E+03	8.20428E+03
7.00000E-01	3.32534E+03	1.23232E+04
8.00000E-01	-2.34411E+03	7.50611E+03
8.00000E-01	-2.43570E+03	7.39178E+03
8.00000E-01	-1.78933E+03	6.79628E+03
8.00000E-01	-2.08321E+03	7.15411E+03
8.00000E-01	-1.45445E+03	8.09578E+03
8.00000E-01	1.19950E+02	9.79009E+03
8.00000E-01	2.64636E+03	1.21765E+04
4.00000E-01	1.02080E+04	1.59969E+04
5.00000E-01	9.80115E+03	1.67506E+04
6.00000E-01	7.65907E+03	1.54968E+04
7.00000E-01	3.74402E+03	1.22103E+04
5.00000E-01	9.30451E+03	1.64508E+04
6.00000E-01	7.16273E+03	1.54077E+04
7.00000E-01	3.32534E+03	1.23232E+04
6.00000E-01	7.72894E+03	1.59661E+04
7.00000E-01	3.89351E+03	1.31022E+04
7.00000E-01	5.44806E+03	1.45420E+04
9.00000E-01	-9.37303E+03	3.59337E+01
9.00000E-01	-9.78836E+03	3.14314E+02
9.00000E-01	-9.35660E+03	1.10625E+03
9.00000E-01	-8.01001E+03	2.57839E+03
9.00000E-01	-5.62112E+03	4.84099E+03
5.00000E-01	1.07545E+04	1.74546E+04
6.00000E-01	8.34614E+03	1.62008E+04
7.00000E-01	4.19795E+03	1.29143E+04
8.00000E-01	-1.75346E+03	7.50028E+03
6.00000E-01	7.66228E+03	1.57597E+04
7.00000E-01	3.51285E+03	1.26752E+04
8.00000E-01	-2.34411E+03	7.50611E+03
7.00000E-01	3.89351E+03	1.31022E+04
8.00000E-01	-1.98177E+03	8.09578E+03
8.00000E-01	-5.94881E+02	9.43809E+03
9.00000E-01	-1.09930E+04	-1.44569E+03
9.00000E-01	-1.00769E+04	5.02530E+01
9.00000E-01	-8.19753E+03	2.22639E+03
9.00000E-01	-5.32435E+03	5.19299E+03
9.00000E-01	-1.51542E+03	8.85262E+03
5.00000E-01	9.80393E+03	1.64508E+04
6.00000E-01	7.20835E+03	1.50557E+04
7.00000E-01	2.87141E+03	1.16192E+04
8.00000E-01	-3.25197E+03	6.09811E+03
6.00000E-01	7.96208E+03	1.59661E+04
7.00000E-01	3.62709E+03	1.27502E+04
8.00000E-01	-2.43570E+03	7.39178E+03
7.00000E-01	5.44806E+03	1.45420E+04
8.00000E-01	-5.94881E+02	9.43809E+03
8.00000E-01	2.22829E+03	1.21765E+04
1.00000E+00	-1.20715E+04	-3.67324E+03
1.00000E+00	-1.59635E+04	-6.76755E+03
1.00000E+00	-1.85552E+04	-8.82483E+03
1.00000E+00	-2.00657E+04	-1.00134E+04
1.00000E+00	-2.07809E+04	-1.07039E+04
1.00000E+00	-5.65190E+03	3.99779E+03
1.00000E+00	-6.82098E+03	2.91072E+03
1.00000E+00	-8.32111E+03	1.25211E+03
1.00000E+00	-1.01511E+04	-9.59951E+02
1.00000E+00	-1.05425E+04	-5.17781E+02
1.00000E+00	-1.21116E+04	-2.02700E+03
1.00000E+00	-1.39755E+04	-4.11604E+03
1.00000E+00	-1.48094E+04	-4.56333E+03
1.00000E+00	-1.66308E+04	-6.39159E+03
1.00000E+00	-1.83272E+04	-8.00056E+03
1.00000E+00	-1.59635E+04	-6.76755E+03
1.00000E+00	-1.80709E+04	-8.12083E+03
1.00000E+00	-1.90486E+04	-8.60544E+03
1.00000E+00	-1.92795E+04	-8.59191E+03
1.00000E+00	-1.86660E+04	-8.04516E+03
1.00000E+00	-8.22650E+03	1.95450E+03
1.00000E+00	-9.67179E+03	6.58219E+02
1.00000E+00	-1.14684E+04	-1.24300E+03
1.00000E+00	-1.36388E+04	-3.72404E+03
1.00000E+00	-1.20369E+04	-1.42583E+03
1.00000E+00	-1.37912E+04	-3.07533E+03
1.00000E+00	-1.58401E+04	-5.29559E+03
1.00000E+00	-1.51553E+04	-4.35939E+03
1.00000E+00	-1.70825E+04	-6.20056E+03
1.00000E+00	-1.74789E+04	-6.62336E+03
1.00000E+00	-1.85552E+04	-8.82483E+03
1.00000E+00	-1.90486E+04	-8.60544E+03
1.00000E+00	-1.87466E+04	-7.88791E+03
1.00000E+00	-1.76488E+04	-6.63716E+03
1.00000E+00	-1.54908E+04	-4.59364E+03
1.00000E+00	-9.97497E+03	4.24000E+02
1.00000E+00	-1.16505E+04	-9.53831E+02
1.00000E+00	-1.36323E+04	-2.99533E+03
1.00000E+00	-1.59876E+04	-5.60759E+03
1.00000E+00	-1.26899E+04	-1.86451E+03
1.00000E+00	-1.46214E+04	-3.57539E+03
1.00000E+00	-1.67761E+04	-5.80856E+03
1.00000E+00	-1.46414E+04	-3.63436E+03
1.00000E+00	-1.67186E+04	-5.52736E+03
1.00000E+00	-1.56987E+04	-4.59735E+03
1.00000E+00	-2.00657E+04	-1.00134E+04
1.00000E+00	-1.92795E+04	-8.59191E+03
1.00000E+00	-1.76488E+04	-6.63716E+03
1.00000E+00	-1.50065E+04	-3.88964E+03
1.00000E+00	-1.13126E+04	-3.57349E+02
1.00000E+00	-1.09460E+04	-5.93576E+02
1.00000E+00	-1.28363E+04	-2.09651E+03
1.00000E+00	-1.49953E+04	-4.19939E+03
1.00000E+00	-1.74565E+04	-6.82456E+03
1.00000E+00	-1.25291E+04	-1.73127E+03
1.00000E+00	-1.46403E+04	-3.55436E+03
1.00000E+00	-1.69450E+04	-5.83936E+03
1.00000E+00	-1.32445E+04	-2.21948E+03
1.00000E+00	-1.54712E+04	-4.20535E+03
1.00000E+00	-1.29561E+04	-1.81225E+03
1.00000E+00	-2.07809E+04	-1.07039E+04
1.00000E+00	-1.86660E+04	-8.04516E+03
1.00000E+00	-1.54908E+04	-4.59364E+03
1.00000E+00	-1.13126E+04	-3.57349E+02
1.00000E+00	-6.23206E+03	4.49159E+03
1.00000E+00	-1.10893E+04	-1.08924E+03
1.00000E+00	-1.31598E+04	-2.66727E+03
1.00000E+00	-1.54985E+04	-4.88236E+03
1.00000E+00	-1.81096E+04	-7.55936E+03
1.00000E+00	-1.15064E+04	-1.03131E+03
1.00000E+00	-1.37277E+04	-2.84348E+03
1.00000E+00	-1.61819E+04	-5.22135E+03
1.00000E+00	-1.09585E+04	-1.75269E+02
1.00000E+00	-1.32129E+04	-2.12425E+03
1.00000E+00	-9.30916E+03	1.63448E+03
1.00000E+00	-5.65190E+03	3.99779E+03
1.00000E+00	-8.22650E+03	1.95450E+03
1.00000E+00	-9.97497E+03	4.24000E+02
1.00000E+00	-1.09460E+04	-5.93576E+02
1.00000E+00	-1.10893E+04	-1.08924E+03
1.00000E+00	-8.83948E+03	1.95728E+03
1.00000E+00	-7.51617E+03	3.41960E+03
1.00000E+00	-6.56790E+03	4.24035E+03
1.00000E+00	-6.01240E+03	4.43318E+03
1.00000E+00	-1.00096E+04	8.56176E+02
1.00000E+00	-9.17242E+03	1.82661E+03
1.00000E+00	-8.62814E+03	2.19076E+03
1.00000E+00	-1.09038E+04	-1.33487E+02
1.00000E+00	-1.04183E+04	4.32949E+02
1.00000E+00	-1.13828E+04	-8.39348E+02
1.00000E+00	-6.82098E+03	2.91072E+03
1.00000E+00	-9.67179E+03	6.58219E+02
1.00000E+00	-1.16505E+04	-9.53831E+02
1.00000E+00	-1.28363E+04	-2.09651E+03
1.00000E+00	-1.31598E+04	-2.66727E+03
1.00000E+00	-7.51617E+03	3.41960E+03
1.00000E+00	-6.83418E+03	4.24035E+03
1.00000E+00	-6.51182E+03	4.43318E+03
1.00000E+00	-6.56939E+03	3.99779E+03
1.00000E+00	-9.66622E+03	1.43461E+03
1.00000E+00	-9.43398E+03	1.79876E+03
1.00000E+00	-9.48076E+03	1.56250E+03
1.00000E+00	-1.14517E+04	-3.51051E+02
1.00000E+00	-1.15356E+04	-3.60000E+02
1.00000E+00	-1.27342E+04	-1.76958E+03
1.00000E+00	-8.32111E+03	1.25211E+03
1.00000E+00	-1.14684E+04	-1.24300E+03
1.00000E+00	-1.36323E+04	-2.99533E+03
1.00000E+00	-1.49953E+04	-4.19939E+03
1.00000E+00	-1.54985E+04	-4.88236E+03
1.00000E+00	-6.56790E+03	4.24035E+03
1.00000E+00	-6.51182E+03	4.43318E+03
1.00000E+00	-6.80253E+03	3.99779E+03
1.00000E+00	-7.47218E+03	2.91072E+03
1.00000E+00	-9.66149E+03	1.40676E+03
1.00000E+00	-1.00203E+04	1.17050E+03
1.00000E+00	-1.06598E+04	2.66219E+02
1.00000E+00	-1.23027E+04	-1.14400E+03
1.00000E+00	-1.29449E+04	-1.73783E+03
1.00000E+00	-1.43582E+04	-3.27251E+03
1.00000E+00	-1.01511E+04	-9.59951E+02
1.00000E+00	-1.36388E+04	-3.72404E+03
1.00000E+00	-1.59876E+04	-5.60759E+03
1.00000E+00	-1.74565E+04	-6.82456E+03
1.00000E+00	-1.81096E+04	-7.55936E+03
1.00000E+00	-6.01240E+03	4.43318E+03
1.00000E+00	-6.56939E+03	3.99779E+03
1.00000E+00	-7.47218E+03	2.91072E+03
1.00000E+00	-8.73918E+03	1.25211E+03
1.00000E+00	-1.00147E+04	7.78499E+02
1.00000E+00	-1.09662E+04	-1.25781E+02
1.00000E+00	-1.22232E+04	-1.63500E+03
1.00000E+00	-1.34788E+04	-2.52183E+03
1.00000E+00	-1.46935E+04	-3.77933E+03
1.00000E+00	-1.62841E+04	-5.37539E+03
1.00000E+00	-1.05425E+04	-5.17781E+02
1.00000E+00	-1.20369E+04	-1.42583E+03
1.00000E+00	-1.26899E+04	-1.86451E+03
1.00000E+00	-1.25291E+04	-1.73127E+03
1.00000E+00	-1.15064E+04	-1.03131E+03
1.00000E+00	-1.00096E+04	8.56176E+02
1.00000E+00	-9.66622E+03	1.43461E+03
1.00000E+00	-9.66149E+03	1.40676E+03
1.00000E+00	-1.00147E+04	7.78499E+02
1.00000E+00	-1.12501E+04	-2.13487E+02
1.00000E+00	-1.13042E+04	-3.90511E+01
1.00000E+00	-1.16156E+04	-4.40000E+02
1.00000E+00	-1.20422E+04	-9.99348E+02
1.00000E+00	-1.23603E+04	-1.14558E+03
1.00000E+00	-1.22468E+04	-1.32924E+03
1.00000E+00	-1.21116E+04	-2.02700E+03
1.00000E+00	-1.37912E+04	-3.07533E+03
1.00000E+00	-1.46214E+04	-3.57539E+03
1.00000E+00	-1.46403E+04	-3.55436E+03
1.00000E+00	-1.37277E+04	-2.84348E+03
1.00000E+00	-9.17242E+03	1.82661E+03
1.00000E+00	-9.43398E+03	1.79876E+03
1.00000E+00	-1.00203E+04	1.17050E+03
1.00000E+00	-1.09662E+04	-1.25781E+02
1.00000E+00	-1.13042E+04	-3.90511E+01
1.00000E+00	-1.19277E+04	-4.40000E+02
1.00000E+00	-1.27973E+04	-1.42583E+03
1.00000E+00	-1.28998E+04	-1.53758E+03
1.00000E+00	-1.37568E+04	-2.25651E+03
1.00000E+00	-1.38235E+04	-2.51527E+03
1.00000E+00	-1.39755E+04	-4.11604E+03
1.00000E+00	-1.58401E+04	-5.29559E+03
1.00000E+00	-1.67761E+04	-5.80856E+03
1.00000E+00	-1.69450E+04	-5.83936E+03
1.00000E+00	-1.61819E+04	-5.22135E+03
1.00000E+00	-8.62814E+03	2.19076E+03
1.00000E+00	-9.48076E+03	1.56250E+03
1.00000E+00	-1.06598E+04	2.66219E+02
1.00000E+00	-1.22232E+04	-1.63500E+03
1.00000E+00	-1.16156E+04	-4.40000E+02
1.00000E+00	-1.27973E+04	-1.42583E+03
1.00000E+00	-1.42396E+04	-3.07533E+03
1.00000E+00	-1.39843E+04	-2.64851E+03
1.00000E+00	-1.53762E+04	-3.96739E+03
1.00000E+00	-1.56226E+04	-4.33836E+03
1.00000E+00	-1.48094E+04	-4.56333E+03
1.00000E+00	-1.51553E+04	-4.35939E+03
1.00000E+00	-1.46414E+04	-3.63436E+03
1.00000E+00	-1.32445E+04	-2.21948E+03
1.00000E+00	-1.09585E+04	-1.75269E+02
1.00000E+00	-1.09038E+04	-1.33487E+02
1.00000E+00	-1.14517E+04	-3.51051E+02
1.00000E+00	-1.23027E+04	-1.14400E+03
1.00000E+00	-1.34788E+04	-2.52183E+03
1.00000E+00	-1.20422E+04	-9.99348E+02
1.00000E+00	-1.28998E+04	-1.53758E+03
1.00000E+00	-1.39843E+04	-2.64851E+03
1.00000E+00	-1.25599E+04	-1.40924E+03
1.00000E+00	-1.35971E+04	-2.20327E+03
1.00000E+00	-1.23176E+04	-1.19131E+03
1.00000E+00	-1.66308E+04	-6.39159E+03
1.00000E+00	-1.70825E+04	-6.20056E+03
1.00000E+00	-1.67186E+04	-5.52736E+03
1.00000E+00	-1.54712E+04	-4.20535E+03
1.00000E+00	-1.32129E+04	-2.12425E+03
1.00000E+00	-1.04183E+04	4.32949E+02
1.00000E+00	-1.15356E+04	-3.60000E+02
1.00000E+00	-1.29449E+04	-1.73783E+03
1.00000E+00	-1.46935E+04	-3.77933E+03
1.00000E+00	-1.23603E+04	-1.14558E+03
1.00000E+00	-1.37568E+04	-2.25651E+03
1.00000E+00	-1.53762E+04	-3.96739E+03
1.00000E+00	-1.35971E+04	-2.20327E+03
1.00000E+00	-1.51687E+04	-3.63436E+03
1.00000E+00	-1.39994E+04	-2.61148E+03
1.00000E+00	-1.83272E+04	-8.00056E+03
1.00000E+00	-1.74789E+04	-6.62336E+03
1.00000E+00	-1.56987E+04	-4.59735E+03
1.00000E+00	-1.29561E+04	-1.81225E+03
1.00000E+00	-9.30916E+03	1.63448E+03
1.00000E+00	-1.13828E+04	-8.39348E+02
1.00000E+00	-1.27342E+04	-1.76958E+03
1.00000E+00	-1.43582E+04	-3.27251E+03
1.00000E+00	-1.62841E+04	-5.37539E+03
1.00000E+00	-1.22468E+04	-1.32924E+03
1.00000E+00	-1.38235E+04	-2.51527E+03
1.00000E+00	-1.56226E+04	-4.33836E+03
1.00000E+00	-1.23176E+04	-1.19131E+03
1.00000E+00	-1.39994E+04	-2.61148E+03
1.00000E+00	-1.14565E+04	-2.55269E+02
1.00000E-01	3.42610E+03	5.23488E+03
2.00000E-01	6.36842E+03	9.53151E+03
3.00000E-01	8.62630E+03	1.28899E+04
4.00000E-01	1.01512E+04	1.53101E+04
5.00000E-01	1.09916E+04	1.67920E+04
5.00000E-01	1.66201E+04	2.25487E+04
4.00000E-01	1.58577E+04	2.11772E+04
3.00000E-01	1.33903E+04	1.78343E+04
2.00000E-01	9.18480E+03	1.25202E+04
5.00000E-01	1.40918E+04	2.02564E+04
4.00000E-01	1.31024E+04	1.86240E+04
3.00000E-01	1.04824E+04	1.50490E+04
5.00000E-01	1.21818E+04	1.84179E+04
4.00000E-01	1.10973E+04	1.66108E+04
5.00000E-01	1.10292E+04	1.72056E+04
2.00000E-01	6.36842E+03	9.53151E+03
3.00000E-01	8.37250E+03	1.28899E+04
4.00000E-01	9.69213E+03	1.53101E+04
5.00000E-01	1.02788E+04	1.67920E+04
6.00000E-01	1.01810E+04	1.73357E+04
6.00000E-01	1.30271E+04	2.01064E+04
5.00000E-01	1.38554E+04	2.03764E+04
4.00000E-01	1.30075E+04	1.87040E+04
3.00000E-01	1.04502E+04	1.50890E+04
6.00000E-01	1.10651E+04	1.84312E+04
5.00000E-01	1.17238E+04	1.84979E+04
4.00000E-01	1.07808E+04	1.66508E+04
6.00000E-01	9.80750E+03	1.72961E+04
5.00000E-01	1.04287E+04	1.72456E+04
6.00000E-01	9.39366E+03	1.68734E+04
3.00000E-01	8.62630E+03	1.28899E+04
4.00000E-01	9.69213E+03	1.53101E+04
5.00000E-01	1.00735E+04	1.67920E+04
6.00000E-01	9.72192E+03	1.73357E+04
7.00000E-01	8.68588E+03	1.69411E+04
7.00000E-01	8.63472E+03	1.66108E+04
6.00000E-01	1.10825E+04	1.85512E+04
5.00000E-01	1.18827E+04	1.85779E+04
4.00000E-01	1.10024E+04	1.66908E+04
7.00000E-01	7.26767E+03	1.55816E+04
6.00000E-01	9.60335E+03	1.73761E+04
5.00000E-01	1.03660E+04	1.72856E+04
7.00000E-01	6.69129E+03	1.51786E+04
6.00000E-01	9.04689E+03	1.69134E+04
7.00000E-01	7.04490E+03	1.55742E+04
4.00000E-01	1.01512E+04	1.53101E+04
5.00000E-01	1.02788E+04	1.67920E+04
6.00000E-01	9.72192E+03	1.73357E+04
7.00000E-01	8.43208E+03	1.69411E+04
8.00000E-01	6.45780E+03	1.56083E+04
8.00000E-01	3.39435E+03	1.20620E+04
7.00000E-01	7.49029E+03	1.57016E+04
6.00000E-01	9.96750E+03	1.74561E+04
5.00000E-01	1.07928E+04	1.73256E+04
8.00000E-01	2.65102E+03	1.17074E+04
7.00000E-01	6.69238E+03	1.52586E+04
6.00000E-01	9.18951E+03	1.69534E+04
8.00000E-01	2.78460E+03	1.20653E+04
7.00000E-01	6.90337E+03	1.56142E+04
8.00000E-01	3.93439E+03	1.33081E+04
5.00000E-01	1.09916E+04	1.67920E+04
6.00000E-01	1.01810E+04	1.73357E+04
7.00000E-01	8.68588E+03	1.69411E+04
8.00000E-01	6.45780E+03	1.56083E+04
9.00000E-01	3.54527E+03	1.33373E+04
9.00000E-01	-2.64543E+03	6.46002E+03
8.00000E-01	3.12744E+03	1.18274E+04
7.00000E-01	7.31033E+03	1.53386E+04
6.00000E-01	9.87008E+03	1.69934E+04
9.00000E-01	-2.73630E+03	6.80881E+03
8.00000E-01	3.03949E+03	1.21453E+04
7.00000E-01	7.29979E+03	1.56542E+04
9.00000E-01	-1.86403E+03	7.95630E+03
8.00000E-01	4.04666E+03	1.33481E+04
9.00000E-01	1.10700E+02	1.00750E+04
5.00000E-01	1.66201E+04	2.25487E+04
6.00000E-01	1.30271E+04	2.01064E+04
7.00000E-01	8.63472E+03	1.66108E+04
8.00000E-01	3.39435E+03	1.20620E+04
9.00000E-01	-2.64543E+03	6.46002E+03
9.00000E-01	-1.72603E+03	8.32254E+03
8.00000E-01	5.39659E+03	1.48360E+04
7.00000E-01	1.08142E+04	1.93782E+04
6.00000E-01	1.44938E+04	2.19491E+04
9.00000E-01	-2.55961E+03	7.52119E+03
8.00000E-01	4.22097E+03	1.36588E+04
7.00000E-01	9.37109E+03	1.78538E+04
9.00000E-01	-3.11993E+03	6.82868E+03
8.00000E-01	3.45062E+03	1.26766E+04
9.00000E-01	-3.26767E+03	6.41747E+03
4.00000E-01	1.58577E+04	2.11772E+04
5.00000E-01	1.38554E+04	2.03764E+04
6.00000E-01	1.10825E+04	1.85512E+04
7.00000E-01	7.49029E+03	1.57016E+04
8.00000E-01	3.12744E+03	1.18274E+04
8.00000E-01	5.39659E+03	1.48360E+04
7.00000E-01	1.05479E+04	1.93782E+04
6.00000E-01	1.39943E+04	2.19491E+04
5.00000E-01	1.57026E+04	2.25487E+04
8.00000E-01	4.09621E+03	1.36188E+04
7.00000E-01	8.93429E+03	1.78138E+04
6.00000E-01	1.21419E+04	2.00664E+04
8.00000E-01	3.15534E+03	1.25966E+04
7.00000E-01	7.81213E+03	1.65308E+04
8.00000E-01	2.71329E+03	1.19420E+04
3.00000E-01	1.33903E+04	1.78343E+04
4.00000E-01	1.30075E+04	1.87040E+04
5.00000E-01	1.18827E+04	1.85779E+04
6.00000E-01	9.96750E+03	1.74561E+04
7.00000E-01	7.31033E+03	1.53386E+04
7.00000E-01	1.08142E+04	1.93782E+04
6.00000E-01	1.39943E+04	2.19491E+04
5.00000E-01	1.54695E+04	2.25487E+04
4.00000E-01	1.52065E+04	2.11772E+04
7.00000E-01	9.07582E+03	1.77738E+04
6.00000E-01	1.19714E+04	2.00264E+04
5.00000E-01	1.32365E+04	2.03364E+04
7.00000E-01	7.78314E+03	1.64508E+04
6.00000E-01	1.05262E+04	1.84712E+04
7.00000E-01	7.07551E+03	1.55816E+04
2.00000E-01	9.18480E+03	1.25202E+04
3.00000E-01	1.04502E+04	1.50890E+04
4.00000E-01	1.10024E+04	1.66908E+04
5.00000E-01	1.07928E+04	1.73256E+04
6.00000E-01	9.87008E+03	1.69934E+04
6.00000E-01	1.44938E+04	2.19491E+04
5.00000E-01	1.57026E+04	2.25487E+04
4.00000E-01	1.52065E+04	2.11772E+04
3.00000E-01	1.29722E+04	1.78343E+04
6.00000E-01	1.23460E+04	1.99864E+04
5.00000E-01	1.32991E+04	2.02964E+04
4.00000E-01	1.26217E+04	1.86640E+04
6.00000E-01	1.07303E+04	1.83912E+04
5.00000E-01	1.15596E+04	1.84979E+04
6.00000E-01	9.78585E+03	1.73361E+04
5.00000E-01	1.40918E+04	2.02564E+04
6.00000E-01	1.10651E+04	1.84312E+04
7.00000E-01	7.26767E+03	1.55816E+04
8.00000E-01	2.65102E+03	1.17074E+04
9.00000E-01	-2.73630E+03	6.80881E+03
9.00000E-01	-2.55961E+03	7.52119E+03
8.00000E-01	4.09621E+03	1.36188E+04
7.00000E-01	9.07582E+03	1.77738E+04
6.00000E-01	1.23460E+04	1.99864E+04
9.00000E-01	-3.46622E+03	6.74868E+03
8.00000E-01	2.93381E+03	1.25566E+04
7.00000E-01	7.73213E+03	1.64508E+04
9.00000E-01	-3.92709E+03	6.25747E+03
8.00000E-01	2.34914E+03	1.18620E+04
9.00000E-01	-3.80292E+03	6.22002E+03
4.00000E-01	1.31024E+04	1.86240E+04
5.00000E-01	1.17238E+04	1.84979E+04
6.00000E-01	9.60335E+03	1.73761E+04
7.00000E-01	6.69238E+03	1.52586E+04
8.00000E-01	3.03949E+03	1.21453E+04
8.00000E-01	4.22097E+03	1.36588E+04
7.00000E-01	8.93429E+03	1.78138E+04
6.00000E-01	1.19714E+04	2.00264E+04
5.00000E-01	1.32991E+04	2.02964E+04
8.00000E-01	2.93381E+03	1.25566E+04
7.00000E-01	7.42008E+03	1.64508E+04
6.00000E-01	1.03046E+04	1.84312E+04
8.00000E-01	2.17862E+03	1.18220E+04
7.00000E-01	6.56984E+03	1.55416E+04
8.00000E-01	2.09472E+03	1.16274E+04
3.00000E-01	1.04824E+04	1.50490E+04
4.00000E-01	1.07808E+04	1.66508E+04
5.00000E-01	1.03660E+04	1.72856E+04
6.00000E-01	9.18951E+03	1.69534E+04
7.00000E-01	7.29979E+03	1.56542E+04
7.00000E-01	9.37109E+03	1.78538E+04
6.00000E-01	1.21419E+04	2.00664E+04
5.00000E-01	1.32365E+04	2.03364E+04
4.00000E-01	1.26217E+04	1.86640E+04
7.00000E-01	7.73213E+03	1.64508E+04
6.00000E-01	1.03046E+04	1.84312E+04
5.00000E-01	1.12754E+04	1.84979E+04
7.00000E-01	6.71136E+03	1.55016E+04
6.00000E-01	9.21755E+03	1.73361E+04
7.00000E-01	6.44812E+03	1.51786E+04
5.00000E-01	1.21818E+04	1.84179E+04
6.00000E-01	9.80750E+03	1.72961E+04
7.00000E-01	6.69129E+03	1.51786E+04
8.00000E-01	2.78460E+03	1.20653E+04
9.00000E-01	-1.86403E+03	7.95630E+03
9.00000E-01	-3.11993E+03	6.82868E+03
8.00000E-01	3.15534E+03	1.25966E+04
7.00000E-01	7.78314E+03	1.64508E+04
6.00000E-01	1.07303E+04	1.83912E+04
9.00000E-01	-3.92709E+03	6.25747E+03
8.00000E-01	2.17862E+03	1.18220E+04
7.00000E-01	6.71136E+03	1.55016E+04
9.00000E-01	-4.11606E+03	6.14002E+03
8.00000E-01	1.95210E+03	1.15874E+04
9.00000E-01	-3.54750E+03	6.64881E+03
4.00000E-01	1.10973E+04	1.66108E+04
5.00000E-01	1.04287E+04	1.72456E+04
6.00000E-01	9.04689E+03	1.69134E+04
7.00000E-01	6.90337E+03	1.56142E+04
8.00000E-01	4.04666E+03	1.33481E+04
8.00000E-01	3.45062E+03	1.26766E+04
7.00000E-01	7.81213E+03	1.65308E+04
6.00000E-01	1.05262E+04	1.84712E+04
5.00000E-01	1.15596E+04	1.84979E+04
8.00000E-01	2.34914E+03	1.18620E+04
7.00000E-01	6.56984E+03	1.55416E+04
6.00000E-01	9.21755E+03	1.73361E+04
8.00000E-01	1.95210E+03	1.15874E+04
7.00000E-01	6.16397E+03	1.51786E+04
8.00000E-01	2.39881E+03	1.20253E+04
5.00000E-01	1.10292E+04	1.72056E+04
6.00000E-01	9.39366E+03	1.68734E+04
7.00000E-01	7.04490E+03	1.55742E+04
8.00000E-01	3.93439E+03	1.33081E+04
9.00000E-01	1.10700E+02	1.00750E+04
9.00000E-01	-3.26767E+03	6.41747E+03
8.00000E-01	2.71329E+03	1.19420E+04
7.00000E-01	7.07551E+03	1.55816E+04
6.00000E-01	9.78585E+03	1.73361E+04
9.00000E-01	-3.80292E+03	6.22002E+03
8.00000E-01	2.09472E+03	1.16274E+04
7.00000E-01	6.44812E+03	1.51786E+04
9.00000E-01	-3.54750E+03	6.64881E+03
8.00000E-01	2.39881E+03	1.20253E+04
9.00000E-01	-2.36209E+03	7.87630E+03
1.00000E+00	-5.26863E+03	3.35582E+03
1.00000E+00	-3.77432E+03	5.84787E+03
1.00000E+00	-2.66541E+03	7.59587E+03
1.00000E+00	-2.10524E+03	7.84317E+03
1.00000E+00	-2.08220E+03	7.57350E+03
6.00000E-01	2.11647E+04	2.72150E+04
7.00000E-01	1.71043E+04	2.42193E+04
8.00000E-01	1.13311E+04	1.92444E+04
9.00000E-01	3.81184E+03	1.22901E+04
7.00000E-01	1.91108E+04	2.67720E+04
8.00000E-01	1.30834E+04	2.17568E+04
9.00000E-01	5.40949E+03	1.47817E+04
8.00000E-01	1.46580E+04	2.35086E+04
9.00000E-01	6.70483E+03	1.65412E+04
9.00000E-01	7.52786E+03	1.68176E+04
1.00000E+00	-3.77432E+03	5.84787E+03
1.00000E+00	-2.91921E+03	7.59587E+03
1.00000E+00	-2.56428E+03	7.84317E+03
1.00000E+00	-2.79504E+03	7.57350E+03
1.00000E+00	-3.25874E+03	6.89955E+03
6.00000E-01	2.29076E+04	2.98252E+04
7.00000E-01	1.87544E+04	2.67720E+04
8.00000E-01	1.29085E+04	2.17568E+04
9.00000E-01	5.33722E+03	1.47817E+04
7.00000E-01	2.02541E+04	2.84402E+04
8.00000E-01	1.41200E+04	2.35086E+04
9.00000E-01	6.34841E+03	1.65412E+04
8.00000E-01	1.49456E+04	2.38885E+04
9.00000E-01	6.88729E+03	1.68176E+04
9.00000E-01	7.02616E+03	1.67516E+04
1.00000E+00	-2.66541E+03	7.59587E+03
1.00000E+00	-2.56428E+03	7.84317E+03
1.00000E+00	-3.00028E+03	7.57350E+03
1.00000E+00	-3.71778E+03	6.89955E+03
1.00000E+00	-4.49804E+03	5.89467E+03
6.00000E-01	2.44154E+04	3.14281E+04
7.00000E-01	2.01515E+04	2.84402E+04
8.00000E-01	1.41989E+04	2.35086E+04
9.00000E-01	6.52994E+03	1.65412E+04
7.00000E-01	2.09309E+04	2.90513E+04
8.00000E-01	1.46615E+04	2.38885E+04
9.00000E-01	6.78467E+03	1.68176E+04
8.00000E-01	1.49099E+04	2.40363E+04
9.00000E-01	6.63939E+03	1.67516E+04
9.00000E-01	6.36424E+03	1.63184E+04
1.00000E+00	-2.10524E+03	7.84317E+03
1.00000E+00	-2.79504E+03	7.57350E+03
1.00000E+00	-3.71778E+03	6.89955E+03
1.00000E+00	-4.75184E+03	5.89467E+03
1.00000E+00	-5.70005E+03	4.68513E+03
6.00000E-01	2.54692E+04	3.23036E+04
7.00000E-01	2.10336E+04	2.90513E+04
8.00000E-01	1.49456E+04	2.38885E+04
9.00000E-01	7.17144E+03	1.68176E+04
7.00000E-01	2.13356E+04	2.94272E+04
8.00000E-01	1.48310E+04	2.40363E+04
9.00000E-01	6.74201E+03	1.67516E+04
8.00000E-01	1.47355E+04	2.38631E+04
9.00000E-01	6.18271E+03	1.63184E+04
9.00000E-01	5.65678E+03	1.56133E+04
1.00000E+00	-2.08220E+03	7.57350E+03
1.00000E+00	-3.25874E+03	6.89955E+03
1.00000E+00	-4.49804E+03	5.89467E+03
1.00000E+00	-5.70005E+03	4.68513E+03
1.00000E+00	-6.67408E+03	3.40498E+03
6.00000E-01	2.63853E+04	3.29238E+04
7.00000E-01	2.16921E+04	2.94272E+04
8.00000E-01	1.53689E+04	2.40363E+04
9.00000E-01	7.38258E+03	1.67516E+04
7.00000E-01	2.17187E+04	2.95338E+04
8.00000E-01	1.49104E+04	2.38631E+04
9.00000E-01	6.53913E+03	1.63184E+04
8.00000E-01	1.46295E+04	2.34784E+04
9.00000E-01	5.72905E+03	1.56133E+04
9.00000E-01	5.09959E+03	1.47660E+04
6.00000E-01	2.11647E+04	2.72150E+04
6.00000E-01	2.29076E+04	2.98252E+04
6.00000E-01	2.44154E+04	3.14281E+04
6.00000E-01	2.54692E+04	3.23036E+04
6.00000E-01	2.63853E+04	3.29238E+04
2.00000E-01	1.59321E+04	1.94061E+04
3.00000E-01	1.97882E+04	2.43274E+04
4.00000E-01	2.19314E+04	2.72692E+04
5.00000E-01	2.23286E+04	2.82317E+04
3.00000E-01	2.22787E+04	2.71706E+04
4.00000E-01	2.40923E+04	3.00309E+04
5.00000E-01	2.42560E+04	3.09131E+04
4.00000E-01	2.61449E+04	3.17076E+04
5.00000E-01	2.59885E+04	3.25248E+04
5.00000E-01	2.74258E+04	3.36435E+04
7.00000E-01	1.71043E+04	2.42193E+04
7.00000E-01	1.87544E+04	2.67720E+04
7.00000E-01	2.01515E+04	2.84402E+04
7.00000E-01	2.10336E+04	2.90513E+04
7.00000E-01	2.16921E+04	2.94272E+04
3.00000E-01	1.97882E+04	2.43274E+04
4.00000E-01	2.16651E+04	2.72692E+04
5.00000E-01	2.18291E+04	2.82317E+04
6.00000E-01	2.02473E+04	2.72150E+04
4.00000E-01	2.40075E+04	3.00309E+04
5.00000E-01	2.38592E+04	3.09131E+04
6.00000E-01	2.20624E+04	2.98252E+04
5.00000E-01	2.57732E+04	3.25248E+04
6.00000E-01	2.36728E+04	3.14281E+04
6.00000E-01	2.49082E+04	3.23036E+04
8.00000E-01	1.13311E+04	1.92444E+04
8.00000E-01	1.29085E+04	2.17568E+04
8.00000E-01	1.41989E+04	2.35086E+04
8.00000E-01	1.49456E+04	2.38885E+04
8.00000E-01	1.53689E+04	2.40363E+04
4.00000E-01	2.19314E+04	2.72692E+04
5.00000E-01	2.18291E+04	2.82317E+04
6.00000E-01	2.00141E+04	2.72150E+04
7.00000E-01	1.64531E+04	2.42193E+04
5.00000E-01	2.40408E+04	3.09131E+04
6.00000E-01	2.19319E+04	2.98252E+04
7.00000E-01	1.81755E+04	2.67720E+04
6.00000E-01	2.37239E+04	3.14281E+04
7.00000E-01	1.96752E+04	2.84402E+04
7.00000E-01	2.07388E+04	2.90513E+04
9.00000E-01	3.81184E+03	1.22901E+04
9.00000E-01	5.33722E+03	1.47817E+04
9.00000E-01	6.52994E+03	1.65412E+04
9.00000E-01	7.17144E+03	1.68176E+04
9.00000E-01	7.38258E+03	1.67516E+04
5.00000E-01	2.23286E+04	2.82317E+04
6.00000E-01	2.02473E+04	2.72150E+04
7.00000E-01	1.64531E+04	2.42193E+04
8.00000E-01	1.09130E+04	1.92444E+04
6.00000E-01	2.23466E+04	2.98252E+04
7.00000E-01	1.82781E+04	2.67720E+04
8.00000E-01	1.25627E+04	2.17568E+04
7.00000E-01	1.99594E+04	2.84402E+04
8.00000E-01	1.39558E+04	2.35086E+04
8.00000E-01	1.48840E+04	2.38885E+04
7.00000E-01	1.91108E+04	2.67720E+04
7.00000E-01	2.02541E+04	2.84402E+04
7.00000E-01	2.09309E+04	2.90513E+04
7.00000E-01	2.13356E+04	2.94272E+04
7.00000E-01	2.17187E+04	2.95338E+04
3.00000E-01	2.22787E+04	2.71706E+04
4.00000E-01	2.40075E+04	3.00309E+04
5.00000E-01	2.40408E+04	3.09131E+04
6.00000E-01	2.23466E+04	2.98252E+04
4.00000E-01	2.58786E+04	3.17076E+04
5.00000E-01	2.55916E+04	3.25248E+04
6.00000E-01	2.36728E+04	3.14281E+04
5.00000E-01	2.69264E+04	3.36435E+04
6.00000E-01	2.46240E+04	3.23036E+04
6.00000E-01	2.54678E+04	3.29238E+04
8.00000E-01	1.30834E+04	2.17568E+04
8.00000E-01	1.41200E+04	2.35086E+04
8.00000E-01	1.46615E+04	2.38885E+04
8.00000E-01	1.48310E+04	2.40363E+04
8.00000E-01	1.49104E+04	2.38631E+04
4.00000E-01	2.40923E+04	3.00309E+04
5.00000E-01	2.38592E+04	3.09131E+04
6.00000E-01	2.19319E+04	2.98252E+04
7.00000E-01	1.82781E+04	2.67720E+04
5.00000E-01	2.55916E+04	3.25248E+04
6.00000E-01	2.33608E+04	3.14281E+04
7.00000E-01	1.94937E+04	2.84402E+04
6.00000E-01	2.44935E+04	3.23036E+04
7.00000E-01	2.02731E+04	2.90513E+04
7.00000E-01	2.08593E+04	2.94272E+04
9.00000E-01	5.40949E+03	1.47817E+04
9.00000E-01	6.34841E+03	1.65412E+04
9.00000E-01	6.78467E+03	1.68176E+04
9.00000E-01	6.74201E+03	1.67516E+04
9.00000E-01	6.53913E+03	1.63184E+04
5.00000E-01	2.42560E+04	3.09131E+04
6.00000E-01	2.20624E+04	2.98252E+04
7.00000E-01	1.81755E+04	2.67720E+04
8.00000E-01	1.25627E+04	2.17568E+04
6.00000E-01	2.36728E+04	3.14281E+04
7.00000E-01	1.94937E+04	2.84402E+04
8.00000E-01	1.36716E+04	2.35086E+04
7.00000E-01	2.04546E+04	2.90513E+04
8.00000E-01	1.43157E+04	2.38885E+04
8.00000E-01	1.46667E+04	2.40363E+04
8.00000E-01	1.46580E+04	2.35086E+04
8.00000E-01	1.49456E+04	2.38885E+04
8.00000E-01	1.49099E+04	2.40363E+04
8.00000E-01	1.47355E+04	2.38631E+04
8.00000E-01	1.46295E+04	2.34784E+04
4.00000E-01	2.61449E+04	3.17076E+04
5.00000E-01	2.57732E+04	3.25248E+04
6.00000E-01	2.37239E+04	3.14281E+04
7.00000E-01	1.99594E+04	2.84402E+04
5.00000E-01	2.69264E+04	3.36435E+04
6.00000E-01	2.44935E+04	3.23036E+04
7.00000E-01	2.04546E+04	2.90513E+04
6.00000E-01	2.52347E+04	3.29238E+04
7.00000E-01	2.07567E+04	2.94272E+04
7.00000E-01	2.10675E+04	2.95338E+04
9.00000E-01	6.70483E+03	1.65412E+04
9.00000E-01	6.88729E+03	1.68176E+04
9.00000E-01	6.63939E+03	1.67516E+04
9.00000E-01	6.18271E+03	1.63184E+04
9.00000E-01	5.72905E+03	1.56133E+04
5.00000E-01	2.59885E+04	3.25248E+04
6.00000E-01	2.36728E+04	3.14281E+04
7.00000E-01	1.96752E+04	2.84402E+04
8.00000E-01	1.39558E+04	2.35086E+04
6.00000E-01	2.46240E+04	3.23036E+04
7.00000E-01	2.02731E+04	2.90513E+04
8.00000E-01	1.43157E+04	2.38885E+04
7.00000E-01	2.07567E+04	2.94272E+04
8.00000E-01	1.43826E+04	2.40363E+04
8.00000E-01	1.43897E+04	2.38631E+04
9.00000E-01	7.52786E+03	1.68176E+04
9.00000E-01	7.02616E+03	1.67516E+04
9.00000E-01	6.36424E+03	1.63184E+04
9.00000E-01	5.65678E+03	1.56133E+04
9.00000E-01	5.09959E+03	1.47660E+04
5.00000E-01	2.74258E+04	3.36435E+04
6.00000E-01	2.49082E+04	3.23036E+04
7.00000E-01	2.07388E+04	2.90513E+04
8.00000E-01	1.48840E+04	2.38885E+04
6.00000E-01	2.54678E+04	3.29238E+04
7.00000E-01	2.08593E+04	2.94272E+04
8.00000E-01	1.46667E+04	2.40363E+04
7.00000E-01	2.10675E+04	2.95338E+04
8.00000E-01	1.43897E+04	2.38631E+04
8.00000E-01	1.42114E+04	2.34784E+04
1.00000E+00	-5.26863E+03	3.35582E+03
1.00000E+00	-3.77432E+03	5.84787E+03
1.00000E+00	-2.66541E+03	7.59587E+03
1.00000E+00	-2.10524E+03	7.84317E+03
1.00000E+00	-2.08220E+03	7.57350E+03
1.00000E+00	8.80800E+02	1.08631E+04
1.00000E+00	-2.14625E+02	9.84885E+03
1.00000E+00	-1.62948E+03	8.24902E+03
1.00000E+00	-3.38107E+03	6.07940E+03
1.00000E+00	2.58708E+03	1.32000E+04
1.00000E+00	6.60754E+02	1.13009E+04
1.00000E+00	-1.51045E+03	8.84494E+03
1.00000E+00	2.80573E+03	1.37828E+04
1.00000E+00	7.46927E+01	1.09742E+04
1.00000E+00	1.45682E+03	1.23647E+04
1.00000E+00	-3.77432E+03	5.84787E+03
1.00000E+00	-2.91921E+03	7.59587E+03
1.00000E+00	-2.56428E+03	7.84317E+03
1.00000E+00	-2.79504E+03	7.57350E+03
1.00000E+00	-3.25874E+03	6.89955E+03
1.00000E+00	1.81871E+03	1.26760E+04
1.00000E+00	8.42946E+02	1.18122E+04
1.00000E+00	-4.39283E+02	1.03758E+04
1.00000E+00	-2.04530E+03	8.38236E+03
1.00000E+00	3.19655E+03	1.46541E+04
1.00000E+00	1.34263E+03	1.28576E+04
1.00000E+00	-7.44300E+02	1.05116E+04
1.00000E+00	3.10145E+03	1.48785E+04
1.00000E+00	3.53675E+02	1.19022E+04
1.00000E+00	1.14486E+03	1.22175E+04
1.00000E+00	-2.66541E+03	7.59587E+03
1.00000E+00	-2.56428E+03	7.84317E+03
1.00000E+00	-3.00028E+03	7.57350E+03
1.00000E+00	-3.71778E+03	6.89955E+03
1.00000E+00	-4.49804E+03	5.89467E+03
1.00000E+00	2.62251E+03	1.40403E+04
1.00000E+00	1.70621E+03	1.32663E+04
1.00000E+00	4.96395E+02	1.19325E+04
1.00000E+00	-1.02534E+03	1.00490E+04
1.00000E+00	3.73721E+03	1.57247E+04
1.00000E+00	1.89216E+03	1.39534E+04
1.00000E+00	-2.11519E+02	1.14396E+04
1.00000E+00	3.35558E+03	1.54504E+04
1.00000E+00	2.95518E+02	1.17550E+04
1.00000E+00	6.75035E+02	1.19405E+04
1.00000E+00	-2.10524E+03	7.84317E+03
1.00000E+00	-2.79504E+03	7.57350E+03
1.00000E+00	-3.71778E+03	6.89955E+03
1.00000E+00	-4.75184E+03	5.89467E+03
1.00000E+00	-5.70005E+03	4.68513E+03
1.00000E+00	3.36905E+03	1.50814E+04
1.00000E+00	2.45212E+03	1.43370E+04
1.00000E+00	1.25116E+03	1.30282E+04
1.00000E+00	-2.87321E+02	1.09770E+04
1.00000E+00	4.28493E+03	1.65323E+04
1.00000E+00	2.35152E+03	1.45252E+04
1.00000E+00	-6.44331E+01	1.12924E+04
1.00000E+00	3.52199E+03	1.53849E+04
1.00000E+00	3.09332E+01	1.14779E+04
1.00000E+00	1.97070E+02	1.14660E+04
1.00000E+00	-2.08220E+03	7.57350E+03
1.00000E+00	-3.25874E+03	6.89955E+03
1.00000E+00	-4.49804E+03	5.89467E+03
1.00000E+00	-5.70005E+03	4.68513E+03
1.00000E+00	-6.67408E+03	3.40498E+03
1.00000E+00	4.23231E+03	1.59247E+04
1.00000E+00	3.25363E+03	1.51446E+04
1.00000E+00	1.96433E+03	1.36001E+04
1.00000E+00	1.13564E+02	1.08298E+04
1.00000E+00	5.00754E+03	1.71714E+04
1.00000E+00	2.77174E+03	1.44598E+04
1.00000E+00	-7.52198E+01	1.10153E+04
1.00000E+00	3.80443E+03	1.53581E+04
1.00000E+00	-1.93233E+02	1.10034E+04
1.00000E+00	-9.29898E+01	1.08965E+04
1.00000E+00	8.80800E+02	1.08631E+04
1.00000E+00	1.81871E+03	1.26760E+04
1.00000E+00	2.62251E+03	1.40403E+04
1.00000E+00	3.36905E+03	1.50814E+04
1.00000E+00	4.23231E+03	1.59247E+04
1.00000E+00	-2.59600E+03	8.74006E+03
1.00000E+00	-1.18975E+03	1.02289E+04
1.00000E+00	-1.66327E+02	1.10684E+04
1.00000E+00	4.56948E+02	1.12746E+04
1.00000E+00	1.20735E+03	1.30365E+04
1.00000E+00	1.67055E+03	1.35410E+04
1.00000E+00	1.82308E+03	1.34129E+04
1.00000E+00	3.60133E+03	1.56781E+04
1.00000E+00	3.14556E+03	1.51628E+04
1.00000E+00	4.54979E+03	1.66497E+04
1.00000E+00	-2.14625E+02	9.84885E+03
1.00000E+00	8.42946E+02	1.18122E+04
1.00000E+00	1.70621E+03	1.32663E+04
1.00000E+00	2.45212E+03	1.43370E+04
1.00000E+00	3.25363E+03	1.51446E+04
1.00000E+00	-1.18975E+03	1.02289E+04
1.00000E+00	-4.32614E+02	1.10684E+04
1.00000E+00	-4.24764E+01	1.12746E+04
1.00000E+00	-3.66852E+01	1.08631E+04
1.00000E+00	2.04837E+03	1.40035E+04
1.00000E+00	1.88885E+03	1.38755E+04
1.00000E+00	1.43607E+03	1.31385E+04
1.00000E+00	3.85543E+03	1.60879E+04
1.00000E+00	2.80506E+03	1.49654E+04
1.00000E+00	4.19570E+03	1.64691E+04
1.00000E+00	-1.62948E+03	8.24902E+03
1.00000E+00	-4.39283E+02	1.03758E+04
1.00000E+00	4.96395E+02	1.19325E+04
1.00000E+00	1.25116E+03	1.30282E+04
1.00000E+00	1.96433E+03	1.36001E+04
1.00000E+00	-1.66327E+02	1.10684E+04
1.00000E+00	-4.24764E+01	1.12746E+04
1.00000E+00	-2.69823E+02	1.08631E+04
1.00000E+00	-8.65824E+02	9.84885E+03
1.00000E+00	2.53296E+03	1.43380E+04
1.00000E+00	1.76812E+03	1.36011E+04
1.00000E+00	7.26591E+02	1.22748E+04
1.00000E+00	3.78122E+03	1.58906E+04
1.00000E+00	2.15505E+03	1.41915E+04
1.00000E+00	3.54506E+03	1.57247E+04
1.00000E+00	-3.38107E+03	6.07940E+03
1.00000E+00	-2.04530E+03	8.38236E+03
1.00000E+00	-1.02534E+03	1.00490E+04
1.00000E+00	-2.87321E+02	1.09770E+04
1.00000E+00	1.13564E+02	1.08298E+04
1.00000E+00	4.56948E+02	1.12746E+04
1.00000E+00	-3.66852E+01	1.08631E+04
1.00000E+00	-8.65824E+02	9.84885E+03
1.00000E+00	-2.04754E+03	8.24902E+03
1.00000E+00	2.64536E+03	1.40637E+04
1.00000E+00	1.29178E+03	1.27374E+04
1.00000E+00	-3.22501E+02	1.08383E+04
1.00000E+00	3.36435E+03	1.51166E+04
1.00000E+00	1.17837E+03	1.28576E+04
1.00000E+00	2.57724E+03	1.44159E+04
1.00000E+00	2.58708E+03	1.32000E+04
1.00000E+00	3.19655E+03	1.46541E+04
1.00000E+00	3.73721E+03	1.57247E+04
1.00000E+00	4.28493E+03	1.65323E+04
1.00000E+00	5.00754E+03	1.71714E+04
1.00000E+00	1.20735E+03	1.30365E+04
1.00000E+00	2.04837E+03	1.40035E+04
1.00000E+00	2.53296E+03	1.43380E+04
1.00000E+00	2.64536E+03	1.40637E+04
1.00000E+00	4.26019E+03	1.66032E+04
1.00000E+00	4.13648E+03	1.65505E+04
1.00000E+00	3.73021E+03	1.58906E+04
1.00000E+00	5.90065E+03	1.85000E+04
1.00000E+00	4.83670E+03	1.73942E+04
1.00000E+00	6.09026E+03	1.87001E+04
1.00000E+00	6.60754E+02	1.13009E+04
1.00000E+00	1.34263E+03	1.28576E+04
1.00000E+00	1.89216E+03	1.39534E+04
1.00000E+00	2.35152E+03	1.45252E+04
1.00000E+00	2.77174E+03	1.44598E+04
1.00000E+00	1.67055E+03	1.35410E+04
1.00000E+00	1.88885E+03	1.38755E+04
1.00000E+00	1.76812E+03	1.36011E+04
1.00000E+00	1.29178E+03	1.27374E+04
1.00000E+00	4.13648E+03	1.65505E+04
1.00000E+00	3.41816E+03	1.58906E+04
1.00000E+00	2.43609E+03	1.46541E+04
1.00000E+00	5.16876E+03	1.78568E+04
1.00000E+00	3.54195E+03	1.61873E+04
1.00000E+00	4.73377E+03	1.74575E+04
1.00000E+00	-1.51045E+03	8.84494E+03
1.00000E+00	-7.44300E+02	1.05116E+04
1.00000E+00	-2.11519E+02	1.14396E+04
1.00000E+00	-6.44331E+01	1.12924E+04
1.00000E+00	-7.52198E+01	1.10153E+04
1.00000E+00	1.82308E+03	1.34129E+04
1.00000E+00	1.43607E+03	1.31385E+04
1.00000E+00	7.26591E+02	1.22748E+04
1.00000E+00	-3.22501E+02	1.08383E+04
1.00000E+00	3.73021E+03	1.58906E+04
1.00000E+00	2.43609E+03	1.46541E+04
1.00000E+00	8.94221E+02	1.28576E+04
1.00000E+00	4.18605E+03	1.66499E+04
1.00000E+00	2.00894E+03	1.44159E+04
1.00000E+00	3.11241E+03	1.54504E+04
1.00000E+00	2.80573E+03	1.37828E+04
1.00000E+00	3.10145E+03	1.48785E+04
1.00000E+00	3.35558E+03	1.54504E+04
1.00000E+00	3.52199E+03	1.53849E+04
1.00000E+00	3.80443E+03	1.53581E+04
1.00000E+00	3.60133E+03	1.56781E+04
1.00000E+00	3.85543E+03	1.60879E+04
1.00000E+00	3.78122E+03	1.58906E+04
1.00000E+00	3.36435E+03	1.51166E+04
1.00000E+00	5.90065E+03	1.85000E+04
1.00000E+00	5.16876E+03	1.78568E+04
1.00000E+00	4.18605E+03	1.66499E+04
1.00000E+00	6.78227E+03	1.96253E+04
1.00000E+00	5.09372E+03	1.79200E+04
1.00000E+00	6.20664E+03	1.90217E+04
1.00000E+00	7.46927E+01	1.09742E+04
1.00000E+00	3.53675E+02	1.19022E+04
1.00000E+00	2.95518E+02	1.17550E+04
1.00000E+00	3.09332E+01	1.14779E+04
1.00000E+00	-1.93233E+02	1.10034E+04
1.00000E+00	3.14556E+03	1.51628E+04
1.00000E+00	2.80506E+03	1.49654E+04
1.00000E+00	2.15505E+03	1.41915E+04
1.00000E+00	1.17837E+03	1.28576E+04
1.00000E+00	4.83670E+03	1.73942E+04
1.00000E+00	3.54195E+03	1.61873E+04
1.00000E+00	2.00894E+03	1.44159E+04
1.00000E+00	5.09372E+03	1.79200E+04
1.00000E+00	2.82826E+03	1.54504E+04
1.00000E+00	3.63878E+03	1.58475E+04
1.00000E+00	1.45682E+03	1.23647E+04
1.00000E+00	1.14486E+03	1.22175E+04
1.00000E+00	6.75035E+02	1.19405E+04
1.00000E+00	1.97070E+02	1.14660E+04
1.00000E+00	-9.29898E+01	1.08965E+04
1.00000E+00	4.54979E+03	1.66497E+04
1.00000E+00	4.19570E+03	1.64691E+04
1.00000E+00	3.54506E+03	1.57247E+04
1.00000E+00	2.57724E+03	1.44159E+04
1.00000E+00	6.09026E+03	1.87001E+04
1.00000E+00	4.73377E+03	1.74575E+04
1.00000E+00	3.11241E+03	1.54504E+04
1.00000E+00	6.20664E+03	1.90217E+04
1.00000E+00	3.63878E+03	1.58475E+04
1.00000E+00	4.31151E+03	1.62832E+04
1.00000E-01	1.05568E+04	1.25045E+04
2.00000E-01	1.90123E+04	2.23155E+04
3.00000E-01	2.49556E+04	2.89666E+04
4.00000E-01	2.83326E+04	3.30701E+04
5.00000E-01	2.92511E+04	3.45259E+04
5.00000E-01	2.36043E+04	2.98777E+04
4.00000E-01	2.29217E+04	2.85350E+04
3.00000E-01	2.05055E+04	2.51923E+04
2.00000E-01	1.63223E+04	1.98492E+04
5.00000E-01	2.74745E+04	3.42267E+04
4.00000E-01	2.63066E+04	3.23108E+04
3.00000E-01	2.34454E+04	2.83688E+04
5.00000E-01	2.99399E+04	3.68695E+04
4.00000E-01	2.82609E+04	3.39968E+04
5.00000E-01	3.06565E+04	3.69004E+04
2.00000E-01	1.90123E+04	2.23155E+04
3.00000E-01	2.47018E+04	2.89666E+04
4.00000E-01	2.78735E+04	3.30701E+04
5.00000E-01	2.85383E+04	3.45259E+04
6.00000E-01	2.67719E+04	3.33301E+04
6.00000E-01	2.45198E+04	3.22886E+04
5.00000E-01	2.57304E+04	3.28390E+04
4.00000E-01	2.52065E+04	3.13857E+04
3.00000E-01	2.29106E+04	2.79062E+04
6.00000E-01	2.77593E+04	3.60058E+04
5.00000E-01	2.84768E+04	3.59444E+04
4.00000E-01	2.74419E+04	3.35343E+04
6.00000E-01	2.95527E+04	3.77745E+04
5.00000E-01	2.95534E+04	3.64379E+04
6.00000E-01	2.92866E+04	3.67859E+04
3.00000E-01	2.49556E+04	2.89666E+04
4.00000E-01	2.78735E+04	3.30701E+04
5.00000E-01	2.83330E+04	3.45259E+04
6.00000E-01	2.63129E+04	3.33301E+04
7.00000E-01	2.18804E+04	2.94898E+04
7.00000E-01	2.31655E+04	3.21759E+04
6.00000E-01	2.62690E+04	3.46181E+04
5.00000E-01	2.76305E+04	3.50193E+04
4.00000E-01	2.71608E+04	3.30717E+04
7.00000E-01	2.57732E+04	3.52560E+04
6.00000E-01	2.83435E+04	3.68494E+04
5.00000E-01	2.89882E+04	3.59753E+04
7.00000E-01	2.68034E+04	3.59618E+04
6.00000E-01	2.84372E+04	3.63233E+04
7.00000E-01	2.55328E+04	3.40759E+04
4.00000E-01	2.83326E+04	3.30701E+04
5.00000E-01	2.85383E+04	3.45259E+04
6.00000E-01	2.63129E+04	3.33301E+04
7.00000E-01	2.16266E+04	2.94898E+04
8.00000E-01	1.45425E+04	2.30140E+04
8.00000E-01	1.94928E+04	2.95395E+04
7.00000E-01	2.44881E+04	3.38682E+04
6.00000E-01	2.77025E+04	3.59243E+04
5.00000E-01	2.89124E+04	3.55127E+04
8.00000E-01	2.14655E+04	3.19668E+04
7.00000E-01	2.57993E+04	3.50367E+04
6.00000E-01	2.80773E+04	3.58607E+04
8.00000E-01	2.16566E+04	3.16473E+04
7.00000E-01	2.48887E+04	3.36133E+04
8.00000E-01	1.93605E+04	2.87660E+04
5.00000E-01	2.92511E+04	3.45259E+04
6.00000E-01	2.67719E+04	3.33301E+04
7.00000E-01	2.18804E+04	2.94898E+04
8.00000E-01	1.45425E+04	2.30140E+04
9.00000E-01	4.81868E+03	1.39112E+04
9.00000E-01	1.35502E+04	2.43794E+04
8.00000E-01	2.04342E+04	3.05791E+04
7.00000E-01	2.54121E+04	3.41116E+04
6.00000E-01	2.82553E+04	3.53982E+04
9.00000E-01	1.48805E+04	2.61157E+04
8.00000E-01	2.09064E+04	3.07221E+04
7.00000E-01	2.47826E+04	3.31507E+04
9.00000E-01	1.41762E+04	2.47841E+04
8.00000E-01	1.89702E+04	2.83034E+04
9.00000E-01	1.08280E+04	2.08583E+04
5.00000E-01	2.36043E+04	2.98777E+04
6.00000E-01	2.45198E+04	3.22886E+04
7.00000E-01	2.31655E+04	3.21759E+04
8.00000E-01	1.94928E+04	2.95395E+04
9.00000E-01	1.35502E+04	2.43794E+04
9.00000E-01	4.65095E+03	1.52471E+04
8.00000E-01	1.19686E+04	2.19054E+04
7.00000E-01	1.75524E+04	2.65629E+04
6.00000E-01	2.13693E+04	2.92203E+04
9.00000E-01	8.94686E+03	2.00142E+04
8.00000E-01	1.57816E+04	2.61121E+04
7.00000E-01	2.09266E+04	3.02007E+04
9.00000E-01	1.18490E+04	2.31313E+04
8.00000E-01	1.82444E+04	2.86574E+04
9.00000E-01	1.33226E+04	2.45903E+04
4.00000E-01	2.29217E+04	2.85350E+04
5.00000E-01	2.57304E+04	3.28390E+04
6.00000E-01	2.62690E+04	3.46181E+04
7.00000E-01	2.44881E+04	3.38682E+04
8.00000E-01	2.04342E+04	3.05791E+04
8.00000E-01	1.19686E+04	2.19054E+04
7.00000E-01	1.72861E+04	2.65629E+04
6.00000E-01	2.08699E+04	2.92203E+04
5.00000E-01	2.26868E+04	2.98777E+04
8.00000E-01	1.61595E+04	2.65747E+04
7.00000E-01	2.09924E+04	3.06633E+04
6.00000E-01	2.41372E+04	3.27512E+04
8.00000E-01	1.89542E+04	2.95825E+04
7.00000E-01	2.33481E+04	3.31011E+04
8.00000E-01	2.03195E+04	3.09272E+04
3.00000E-01	2.05055E+04	2.51923E+04
4.00000E-01	2.52065E+04	3.13857E+04
5.00000E-01	2.76305E+04	3.50193E+04
6.00000E-01	2.77025E+04	3.59243E+04
7.00000E-01	2.54121E+04	3.41116E+04
7.00000E-01	1.75524E+04	2.65629E+04
6.00000E-01	2.08699E+04	2.92203E+04
5.00000E-01	2.24536E+04	2.98777E+04
4.00000E-01	2.22705E+04	2.85350E+04
7.00000E-01	2.16365E+04	3.11259E+04
6.00000E-01	2.44693E+04	3.32138E+04
5.00000E-01	2.56141E+04	3.33016E+04
7.00000E-01	2.43243E+04	3.40262E+04
6.00000E-01	2.67178E+04	3.55432E+04
7.00000E-01	2.55810E+04	3.52560E+04
2.00000E-01	1.63223E+04	1.98492E+04
3.00000E-01	2.29106E+04	2.79062E+04
4.00000E-01	2.71608E+04	3.30717E+04
5.00000E-01	2.89124E+04	3.55127E+04
6.00000E-01	2.82553E+04	3.53982E+04
6.00000E-01	2.13693E+04	2.92203E+04
5.00000E-01	2.26868E+04	2.98777E+04
4.00000E-01	2.22705E+04	2.85350E+04
3.00000E-01	2.00874E+04	2.51923E+04
6.00000E-01	2.53465E+04	3.36764E+04
5.00000E-01	2.61792E+04	3.37641E+04
4.00000E-01	2.53233E+04	3.18482E+04
6.00000E-01	2.79271E+04	3.64684E+04
5.00000E-01	2.83125E+04	3.59444E+04
6.00000E-01	2.90285E+04	3.73120E+04
5.00000E-01	2.74745E+04	3.42267E+04
6.00000E-01	2.77593E+04	3.60058E+04
7.00000E-01	2.57732E+04	3.52560E+04
8.00000E-01	2.14655E+04	3.19668E+04
9.00000E-01	1.48805E+04	2.61157E+04
9.00000E-01	8.94686E+03	2.00142E+04
8.00000E-01	1.61595E+04	2.65747E+04
7.00000E-01	2.16365E+04	3.11259E+04
6.00000E-01	2.53465E+04	3.36764E+04
9.00000E-01	1.25079E+04	2.40564E+04
8.00000E-01	1.92353E+04	3.00451E+04
7.00000E-01	2.42732E+04	3.40262E+04
9.00000E-01	1.46734E+04	2.64406E+04
8.00000E-01	2.09605E+04	3.18524E+04
9.00000E-01	1.54082E+04	2.71549E+04
4.00000E-01	2.63066E+04	3.23108E+04
5.00000E-01	2.84768E+04	3.59444E+04
6.00000E-01	2.83435E+04	3.68494E+04
7.00000E-01	2.57993E+04	3.50367E+04
8.00000E-01	2.09064E+04	3.07221E+04
8.00000E-01	1.57816E+04	2.61121E+04
7.00000E-01	2.09924E+04	3.06633E+04
6.00000E-01	2.44693E+04	3.32138E+04
5.00000E-01	2.61792E+04	3.37641E+04
8.00000E-01	1.92353E+04	3.00451E+04
7.00000E-01	2.39612E+04	3.40262E+04
6.00000E-01	2.69989E+04	3.60058E+04
8.00000E-01	2.12925E+04	3.23150E+04
7.00000E-01	2.55779E+04	3.57185E+04
8.00000E-01	2.19143E+04	3.28920E+04
3.00000E-01	2.34454E+04	2.83688E+04
4.00000E-01	2.74419E+04	3.35343E+04
5.00000E-01	2.89882E+04	3.59753E+04
6.00000E-01	2.80773E+04	3.58607E+04
7.00000E-01	2.47826E+04	3.31507E+04
7.00000E-01	2.09266E+04	3.02007E+04
6.00000E-01	2.41372E+04	3.27512E+04
5.00000E-01	2.56141E+04	3.33016E+04
4.00000E-01	2.53233E+04	3.18482E+04
7.00000E-01	2.42732E+04	3.40262E+04
6.00000E-01	2.69989E+04	3.60058E+04
5.00000E-01	2.80284E+04	3.59444E+04
7.00000E-01	2.62220E+04	3.61811E+04
6.00000E-01	2.84602E+04	3.73120E+04
7.00000E-01	2.65602E+04	3.59618E+04
5.00000E-01	2.99399E+04	3.68695E+04
6.00000E-01	2.95527E+04	3.77745E+04
7.00000E-01	2.68034E+04	3.59618E+04
8.00000E-01	2.16566E+04	3.16473E+04
9.00000E-01	1.41762E+04	2.47841E+04
9.00000E-01	1.18490E+04	2.31313E+04
8.00000E-01	1.89542E+04	2.95825E+04
7.00000E-01	2.43243E+04	3.40262E+04
6.00000E-01	2.79271E+04	3.64684E+04
9.00000E-01	1.46734E+04	2.64406E+04
8.00000E-01	2.12925E+04	3.23150E+04
7.00000E-01	2.62220E+04	3.61811E+04
9.00000E-01	1.61002E+04	2.80800E+04
8.00000E-01	2.22742E+04	3.33545E+04
9.00000E-01	1.60796E+04	2.79660E+04
4.00000E-01	2.82609E+04	3.39968E+04
5.00000E-01	2.95534E+04	3.64379E+04
6.00000E-01	2.84372E+04	3.63233E+04
7.00000E-01	2.48887E+04	3.36133E+04
8.00000E-01	1.89702E+04	2.83034E+04
8.00000E-01	1.82444E+04	2.86574E+04
7.00000E-01	2.33481E+04	3.31011E+04
6.00000E-01	2.67178E+04	3.55432E+04
5.00000E-01	2.83125E+04	3.59444E+04
8.00000E-01	2.09605E+04	3.18524E+04
7.00000E-01	2.55779E+04	3.57185E+04
6.00000E-01	2.84602E+04	3.73120E+04
8.00000E-01	2.22742E+04	3.33545E+04
7.00000E-01	2.62761E+04	3.59618E+04
8.00000E-01	2.17734E+04	3.21098E+04
5.00000E-01	3.06565E+04	3.69004E+04
6.00000E-01	2.92866E+04	3.67859E+04
7.00000E-01	2.55328E+04	3.40759E+04
8.00000E-01	1.93605E+04	2.87660E+04
9.00000E-01	1.08280E+04	2.08583E+04
9.00000E-01	1.33226E+04	2.45903E+04
8.00000E-01	2.03195E+04	3.09272E+04
7.00000E-01	2.55810E+04	3.52560E+04
6.00000E-01	2.90285E+04	3.73120E+04
9.00000E-01	1.54082E+04	2.71549E+04
8.00000E-01	2.19143E+04	3.28920E+04
7.00000E-01	2.65602E+04	3.59618E+04
9.00000E-01	1.60796E+04	2.79660E+04
8.00000E-01	2.17734E+04	3.21098E+04
9.00000E-01	1.46833E+04	2.57092E+04
1.00000E-01	7.48299E+03	9.00531E+03
2.00000E-01	1.34204E+04	1.60106E+04
3.00000E-01	1.76117E+04	2.10159E+04
4.00000E-01	2.00082E+04	2.40212E+04
5.00000E-01	2.06584E+04	2.50264E+04
5.00000E-01	2.04539E+04	2.62998E+04
4.00000E-01	1.97864E+04	2.49722E+04
3.00000E-01	1.73879E+04	2.16473E+04
2.00000E-01	1.32251E+04	1.63250E+04
5.00000E-01	2.10259E+04	2.69231E+04
4.00000E-01	2.01280E+04	2.52804E+04
3.00000E-01	1.75473E+04	2.16428E+04
5.00000E-01	2.12258E+04	2.69081E+04
4.00000E-01	2.01511E+04	2.49581E+04
5.00000E-01	2.10364E+04	2.62706E+04
2.00000E-01	1.34204E+04	1.60106E+04
3.00000E-01	1.73579E+04	2.10159E+04
4.00000E-01	1.95491E+04	2.40212E+04
5.00000E-01	1.99456E+04	2.50264E+04
6.00000E-01	1.85958E+04	2.40315E+04
6.00000E-01	1.96574E+04	2.65712E+04
5.00000E-01	2.06695E+04	2.69231E+04
4.00000E-01	1.99531E+04	2.52804E+04
3.00000E-01	1.74751E+04	2.16428E+04
6.00000E-01	1.99010E+04	2.68661E+04
5.00000E-01	2.06879E+04	2.69081E+04
4.00000E-01	1.97947E+04	2.49581E+04
6.00000E-01	1.97805E+04	2.65306E+04
5.00000E-01	2.03958E+04	2.62706E+04
6.00000E-01	1.92785E+04	2.55805E+04
3.00000E-01	1.76117E+04	2.10159E+04
4.00000E-01	1.95491E+04	2.40212E+04
5.00000E-01	1.97403E+04	2.50264E+04
6.00000E-01	1.81368E+04	2.40315E+04
7.00000E-01	1.47869E+04	2.10362E+04
7.00000E-01	1.71042E+04	2.48320E+04
6.00000E-01	1.97984E+04	2.68661E+04
5.00000E-01	2.07668E+04	2.69081E+04
4.00000E-01	1.99762E+04	2.49581E+04
7.00000E-01	1.70220E+04	2.48012E+04
6.00000E-01	1.94963E+04	2.65306E+04
5.00000E-01	2.02932E+04	2.62706E+04
7.00000E-01	1.65836E+04	2.41478E+04
6.00000E-01	1.88917E+04	2.55805E+04
7.00000E-01	1.57717E+04	2.28876E+04
4.00000E-01	2.00082E+04	2.40212E+04
5.00000E-01	1.99456E+04	2.50264E+04
6.00000E-01	1.81368E+04	2.40315E+04
7.00000E-01	1.45331E+04	2.10362E+04
8.00000E-01	9.18320E+03	1.60404E+04
8.00000E-01	1.27456E+04	2.10823E+04
7.00000E-01	1.71246E+04	2.48012E+04
6.00000E-01	1.97805E+04	2.65306E+04
5.00000E-01	2.06800E+04	2.62706E+04
8.00000E-01	1.23403E+04	2.07282E+04
7.00000E-01	1.65047E+04	2.41478E+04
6.00000E-01	1.89943E+04	2.55805E+04
8.00000E-01	1.15867E+04	1.97595E+04
7.00000E-01	1.55901E+04	2.28876E+04
8.00000E-01	1.04674E+04	1.81917E+04
5.00000E-01	2.06584E+04	2.50264E+04
6.00000E-01	1.85958E+04	2.40315E+04
7.00000E-01	1.47869E+04	2.10362E+04
8.00000E-01	9.18320E+03	1.60404E+04
9.00000E-01	1.83305E+03	9.04344E+03
9.00000E-01	6.63030E+03	1.53219E+04
8.00000E-01	1.26967E+04	2.07282E+04
7.00000E-01	1.70426E+04	2.41478E+04
6.00000E-01	1.96349E+04	2.55805E+04
9.00000E-01	5.90446E+03	1.46472E+04
8.00000E-01	1.17616E+04	1.97595E+04
7.00000E-01	1.59466E+04	2.28876E+04
9.00000E-01	4.83821E+03	1.33656E+04
8.00000E-01	1.05397E+04	1.81917E+04
9.00000E-01	3.41418E+03	1.14926E+04
5.00000E-01	2.04539E+04	2.62998E+04
6.00000E-01	1.96574E+04	2.65712E+04
7.00000E-01	1.71042E+04	2.48320E+04
8.00000E-01	1.27456E+04	2.10823E+04
9.00000E-01	6.63030E+03	1.53219E+04
9.00000E-01	1.46708E+03	1.16366E+04
8.00000E-01	8.78903E+03	1.82984E+04
7.00000E-01	1.43799E+04	2.29629E+04
6.00000E-01	1.82066E+04	2.56301E+04
9.00000E-01	3.32626E+03	1.35471E+04
8.00000E-01	1.04072E+04	1.98832E+04
7.00000E-01	1.58055E+04	2.42246E+04
9.00000E-01	4.78171E+03	1.47876E+04
8.00000E-01	1.16753E+04	2.08059E+04
9.00000E-01	5.81614E+03	1.53740E+04
4.00000E-01	1.97864E+04	2.49722E+04
5.00000E-01	2.06695E+04	2.69231E+04
6.00000E-01	1.97984E+04	2.68661E+04
7.00000E-01	1.71246E+04	2.48012E+04
8.00000E-01	1.26967E+04	2.07282E+04
8.00000E-01	8.78903E+03	1.82984E+04
7.00000E-01	1.41136E+04	2.29629E+04
6.00000E-01	1.77071E+04	2.56301E+04
5.00000E-01	1.95364E+04	2.62998E+04
8.00000E-01	1.03224E+04	1.98832E+04
7.00000E-01	1.54087E+04	2.42246E+04
6.00000E-01	1.88122E+04	2.65712E+04
8.00000E-01	1.14601E+04	2.08059E+04
7.00000E-01	1.63616E+04	2.48320E+04
8.00000E-01	1.21846E+04	2.10823E+04
3.00000E-01	1.73879E+04	2.16473E+04
4.00000E-01	1.99531E+04	2.52804E+04
5.00000E-01	2.07668E+04	2.69081E+04
6.00000E-01	1.97805E+04	2.65306E+04
7.00000E-01	1.70426E+04	2.41478E+04
7.00000E-01	1.43799E+04	2.29629E+04
6.00000E-01	1.77071E+04	2.56301E+04
5.00000E-01	1.93033E+04	2.62998E+04
4.00000E-01	1.91352E+04	2.49722E+04
7.00000E-01	1.55902E+04	2.42246E+04
6.00000E-01	1.86817E+04	2.65712E+04
5.00000E-01	2.00905E+04	2.69231E+04
7.00000E-01	1.64126E+04	2.48320E+04
6.00000E-01	1.93221E+04	2.68661E+04
7.00000E-01	1.68298E+04	2.48012E+04
2.00000E-01	1.32251E+04	1.63250E+04
3.00000E-01	1.74751E+04	2.16428E+04
4.00000E-01	1.99762E+04	2.49581E+04
5.00000E-01	2.06800E+04	2.62706E+04
6.00000E-01	1.96349E+04	2.55805E+04
6.00000E-01	1.82066E+04	2.56301E+04
5.00000E-01	1.95364E+04	2.62998E+04
4.00000E-01	1.91352E+04	2.49722E+04
3.00000E-01	1.69698E+04	2.16473E+04
6.00000E-01	1.90964E+04	2.65712E+04
5.00000E-01	2.01932E+04	2.69231E+04
4.00000E-01	1.96073E+04	2.52804E+04
6.00000E-01	1.96062E+04	2.68661E+04
5.00000E-01	2.05236E+04	2.69081E+04
6.00000E-01	1.97188E+04	2.65306E+04
5.00000E-01	2.10259E+04	2.69231E+04
6.00000E-01	1.99010E+04	2.68661E+04
7.00000E-01	1.70220E+04	2.48012E+04
8.00000E-01	1.23403E+04	2.07282E+04
9.00000E-01	5.90446E+03	1.46472E+04
9.00000E-01	3.32626E+03	1.35471E+04
8.00000E-01	1.03224E+04	1.98832E+04
7.00000E-01	1.55902E+04	2.42246E+04
6.00000E-01	1.90964E+04	2.65712E+04
9.00000E-01	4.51543E+03	1.47876E+04
8.00000E-01	1.12785E+04	2.08059E+04
7.00000E-01	1.63616E+04	2.48320E+04
9.00000E-01	5.31672E+03	1.53740E+04
8.00000E-01	1.19004E+04	2.10823E+04
9.00000E-01	5.71282E+03	1.53219E+04
4.00000E-01	2.01280E+04	2.52804E+04
5.00000E-01	2.06879E+04	2.69081E+04
6.00000E-01	1.94963E+04	2.65306E+04
7.00000E-01	1.65047E+04	2.41478E+04
8.00000E-01	1.17616E+04	1.97595E+04
8.00000E-01	1.04072E+04	1.98832E+04
7.00000E-01	1.54087E+04	2.42246E+04
6.00000E-01	1.86817E+04	2.65712E+04
5.00000E-01	2.01932E+04	2.69231E+04
8.00000E-01	1.12785E+04	2.08059E+04
7.00000E-01	1.60496E+04	2.48320E+04
6.00000E-01	1.91406E+04	2.68661E+04
8.00000E-01	1.17699E+04	2.10823E+04
7.00000E-01	1.63642E+04	2.48012E+04
8.00000E-01	1.18640E+04	2.07282E+04
3.00000E-01	1.75473E+04	2.16428E+04
4.00000E-01	1.97947E+04	2.49581E+04
5.00000E-01	2.02932E+04	2.62706E+04
6.00000E-01	1.89943E+04	2.55805E+04
7.00000E-01	1.59466E+04	2.28876E+04
7.00000E-01	1.58055E+04	2.42246E+04
6.00000E-01	1.88122E+04	2.65712E+04
5.00000E-01	2.00905E+04	2.69231E+04
4.00000E-01	1.96073E+04	2.52804E+04
7.00000E-01	1.63616E+04	2.48320E+04
6.00000E-01	1.91406E+04	2.68661E+04
5.00000E-01	2.02395E+04	2.69081E+04
7.00000E-01	1.65457E+04	2.48012E+04
6.00000E-01	1.91505E+04	2.65306E+04
7.00000E-01	1.63404E+04	2.41478E+04
5.00000E-01	2.12258E+04	2.69081E+04
6.00000E-01	1.97805E+04	2.65306E+04
7.00000E-01	1.65836E+04	2.41478E+04
8.00000E-01	1.15867E+04	1.97595E+04
9.00000E-01	4.83821E+03	1.33656E+04
9.00000E-01	4.78171E+03	1.47876E+04
8.00000E-01	1.14601E+04	2.08059E+04
7.00000E-01	1.64126E+04	2.48320E+04
6.00000E-01	1.96062E+04	2.68661E+04
9.00000E-01	5.31672E+03	1.53740E+04
8.00000E-01	1.17699E+04	2.10823E+04
7.00000E-01	1.65457E+04	2.48012E+04
9.00000E-01	5.47968E+03	1.53219E+04
8.00000E-01	1.17614E+04	2.07282E+04
9.00000E-01	5.25327E+03	1.46472E+04
4.00000E-01	2.01511E+04	2.49581E+04
5.00000E-01	2.03958E+04	2.62706E+04
6.00000E-01	1.88917E+04	2.55805E+04
7.00000E-01	1.55901E+04	2.28876E+04
8.00000E-01	1.05397E+04	1.81917E+04
8.00000E-01	1.16753E+04	2.08059E+04
7.00000E-01	1.63616E+04	2.48320E+04
6.00000E-01	1.93221E+04	2.68661E+04
5.00000E-01	2.05236E+04	2.69081E+04
8.00000E-01	1.19004E+04	2.10823E+04
7.00000E-01	1.63642E+04	2.48012E+04
6.00000E-01	1.91505E+04	2.65306E+04
8.00000E-01	1.17614E+04	2.07282E+04
7.00000E-01	1.60563E+04	2.41478E+04
8.00000E-01	1.12409E+04	1.97595E+04
5.00000E-01	2.10364E+04	2.62706E+04
6.00000E-01	1.92785E+04	2.55805E+04
7.00000E-01	1.57717E+04	2.28876E+04
8.00000E-01	1.04674E+04	1.81917E+04
9.00000E-01	3.41418E+03	1.14926E+04
9.00000E-01	5.81614E+03	1.53740E+04
8.00000E-01	1.21846E+04	2.10823E+04
7.00000E-01	1.68298E+04	2.48012E+04
6.00000E-01	1.97188E+04	2.65306E+04
9.00000E-01	5.71282E+03	1.53219E+04
8.00000E-01	1.18640E+04	2.07282E+04
7.00000E-01	1.63404E+04	2.41478E+04
9.00000E-01	5.25327E+03	1.46472E+04
8.00000E-01	1.12409E+04	1.97595E+04
9.00000E-01	4.42015E+03	1.33656E+04
