1.00000E+00	-1.87557E+04	-1.01240E+04
1.00000E+00	-2.24307E+04	-1.41001E+04
1.00000E+00	-2.52458E+04	-1.71875E+04
1.00000E+00	-2.80058E+04	-2.02668E+04
1.00000E+00	-3.14584E+04	-2.42001E+04
1.00000E+00	-2.93497E+04	-2.14679E+04
1.00000E+00	-3.24175E+04	-2.46599E+04
1.00000E+00	-3.43582E+04	-2.66434E+04
1.00000E+00	-3.59791E+04	-2.82579E+04
1.00000E+00	-3.80557E+04	-3.03175E+04
1.00000E+00	-3.50905E+04	-2.72867E+04
1.00000E+00	-3.67821E+04	-2.86050E+04
1.00000E+00	-3.71652E+04	-2.81779E+04
1.00000E+00	-3.71221E+04	-2.73275E+04
1.00000E+00	-3.73197E+04	-2.76845E+04
1.00000E+00	-3.66668E+04	-2.70976E+04
1.00000E+00	-3.64796E+04	-2.67133E+04
1.00000E+00	-3.47083E+04	-2.48696E+04
1.00000E+00	-3.22119E+04	-2.24136E+04
1.00000E+00	-2.98285E+04	-2.02753E+04
1.00000E+00	-3.47104E+04	-2.58385E+04
1.00000E+00	-3.19421E+04	-2.29590E+04
1.00000E+00	-2.75783E+04	-1.84542E+04
1.00000E+00	-2.25469E+04	-1.33222E+04
1.00000E+00	-1.77456E+04	-8.58261E+03
1.00000E+00	-7.66413E+03	1.46249E+02
1.00000E+00	-1.08836E+04	-2.90833E+03
1.00000E+00	-1.36292E+04	-5.60412E+03
1.00000E+00	-1.59250E+04	-7.94171E+03
1.00000E+00	-1.77468E+04	-9.92064E+03
1.00000E+00	-1.62814E+04	-7.94171E+03
1.00000E+00	-1.84597E+04	-9.92064E+03
1.00000E+00	-2.01639E+04	-1.15409E+04
1.00000E+00	-2.14185E+04	-1.28024E+04
1.00000E+00	-2.21990E+04	-1.37051E+04
1.00000E+00	-2.13942E+04	-1.28024E+04
1.00000E+00	-2.25312E+04	-1.37051E+04
1.00000E+00	-2.31941E+04	-1.42490E+04
1.00000E+00	-2.34073E+04	-1.44342E+04
1.00000E+00	-2.31465E+04	-1.42606E+04
1.00000E+00	-2.30752E+04	-1.44342E+04
1.00000E+00	-2.31708E+04	-1.42606E+04
1.00000E+00	-2.27924E+04	-1.37282E+04
1.00000E+00	-2.19642E+04	-1.28370E+04
1.00000E+00	-2.06621E+04	-1.15870E+04
1.00000E+00	-2.12514E+04	-1.28370E+04
1.00000E+00	-2.03057E+04	-1.15870E+04
1.00000E+00	-1.88859E+04	-9.97821E+03
1.00000E+00	-1.70164E+04	-8.01062E+03
1.00000E+00	-1.46729E+04	-5.68422E+03
1.00000E+00	3.41881E+03	1.33647E+04
1.00000E+00	1.33211E+03	1.12362E+04
1.00000E+00	6.23155E+02	1.03804E+04
1.00000E+00	1.26768E+03	1.07975E+04
1.00000E+00	3.28996E+03	1.24874E+04
1.00000E+00	-3.28004E+03	6.60619E+03
1.00000E+00	-5.80548E+03	4.10479E+03
1.00000E+00	-6.95317E+03	2.87622E+03
1.00000E+00	-6.74738E+03	2.92047E+03
1.00000E+00	-5.16384E+03	4.23754E+03
1.00000E+00	-6.72311E+03	2.92047E+03
1.00000E+00	-9.68729E+03	4.62408E+01
1.00000E+00	-1.12737E+04	-1.55516E+03
1.00000E+00	-1.15067E+04	-1.88373E+03
1.00000E+00	-1.03619E+04	-9.39483E+02
1.00000E+00	-6.98322E+03	2.30757E+03
1.00000E+00	-1.03861E+04	-9.39483E+02
1.00000E+00	-1.24113E+04	-2.91371E+03
1.00000E+00	-1.30830E+04	-3.61511E+03
1.00000E+00	-1.23769E+04	-3.04368E+03
1.00000E+00	-3.98754E+03	4.76749E+03
1.00000E+00	-7.82919E+03	1.14762E+03
1.00000E+00	-1.02931E+04	-1.19943E+03
1.00000E+00	-1.14035E+04	-2.27366E+03
1.00000E+00	-1.11362E+04	-2.07506E+03
1.00000E+00	-1.13836E+03	7.12697E+03
1.00000E+00	-1.50881E+03	7.24341E+03
1.00000E+00	-1.69883E+03	7.40974E+03
1.00000E+00	-1.74153E+03	7.62474E+03
1.00000E+00	-1.62190E+03	7.87417E+03
1.00000E+00	-2.09795E+03	7.62474E+03
1.00000E+00	-2.33474E+03	7.87417E+03
1.00000E+00	-2.41787E+03	8.14459E+03
1.00000E+00	-2.37967E+03	8.42473E+03
1.00000E+00	-2.20351E+03	8.70526E+03
1.00000E+00	-2.35539E+03	8.42473E+03
1.00000E+00	-2.53565E+03	8.70526E+03
1.00000E+00	-2.58543E+03	8.97765E+03
1.00000E+00	-2.53657E+03	9.23292E+03
1.00000E+00	-2.37269E+03	9.46041E+03
1.00000E+00	-2.20443E+03	9.23292E+03
1.00000E+00	-2.39696E+03	9.46041E+03
1.00000E+00	-2.49817E+03	9.57018E+03
1.00000E+00	-2.76124E+03	8.48616E+03
1.00000E+00	-3.36123E+03	7.40519E+03
1.00000E+00	-2.04840E+03	8.48616E+03
1.00000E+00	-3.00481E+03	7.40519E+03
1.00000E+00	-4.05113E+03	6.35933E+03
1.00000E+00	-5.17175E+03	5.17957E+03
1.00000E+00	-6.34001E+03	3.81961E+03
1.00000E+00	8.31116E+03	1.87830E+04
1.00000E+00	8.02232E+03	1.88472E+04
1.00000E+00	8.00644E+03	1.92241E+04
1.00000E+00	7.24428E+03	1.86494E+04
1.00000E+00	4.76445E+03	1.58552E+04
1.00000E+00	5.89799E+03	1.70835E+04
1.00000E+00	4.26084E+03	1.54884E+04
1.00000E+00	3.19459E+03	1.45573E+04
1.00000E+00	1.68056E+03	1.30289E+04
1.00000E+00	-1.25151E+03	9.64089E+03
1.00000E+00	2.79932E+03	1.44114E+04
1.00000E+00	7.09932E+02	1.22225E+04
1.00000E+00	-5.08681E+02	1.10588E+04
1.00000E+00	-1.87546E+03	9.65765E+03
1.00000E+00	-4.36081E+03	6.75609E+03
1.00000E+00	-1.64793E+03	9.84104E+03
1.00000E+00	-3.29060E+03	8.13857E+03
1.00000E+00	-3.76313E+03	7.81991E+03
1.00000E+00	-4.08483E+03	7.62048E+03
1.00000E+00	-5.24681E+03	6.15423E+03
1.00000E+00	-7.95916E+03	2.45732E+03
1.00000E+00	-8.27846E+03	2.19016E+03
1.00000E+00	-7.38435E+03	3.08342E+03
1.00000E+00	-6.48108E+03	4.00836E+03
1.00000E+00	-6.61188E+03	3.66988E+03
1.00000E+00	1.08814E+04	2.10758E+04
1.00000E+00	1.14363E+04	2.16802E+04
1.00000E+00	1.19467E+04	2.21131E+04
1.00000E+00	1.23902E+04	2.23766E+04
1.00000E+00	1.27932E+04	2.24725E+04
1.00000E+00	1.20338E+04	2.23766E+04
1.00000E+00	1.20803E+04	2.24725E+04
1.00000E+00	1.20882E+04	2.24029E+04
1.00000E+00	1.20352E+04	2.21698E+04
1.00000E+00	1.19475E+04	2.17751E+04
1.00000E+00	1.20595E+04	2.21698E+04
1.00000E+00	1.16154E+04	2.17751E+04
1.00000E+00	1.11386E+04	2.12208E+04
1.00000E+00	1.06068E+04	2.05089E+04
1.00000E+00	1.00463E+04	1.96414E+04
1.00000E+00	1.09390E+04	2.05089E+04
1.00000E+00	1.00220E+04	1.96414E+04
1.00000E+00	9.07837E+03	1.86201E+04
1.00000E+00	8.08565E+03	1.74472E+04
1.00000E+00	7.07014E+03	1.61245E+04
1.00000E+00	8.79849E+03	1.74472E+04
1.00000E+00	7.42656E+03	1.61245E+04
1.00000E+00	6.03380E+03	1.46539E+04
1.00000E+00	4.59791E+03	1.30370E+04
1.00000E+00	3.14510E+03	1.12764E+04
1.00000E+00	-1.87557E+04	-1.01240E+04
1.00000E+00	-2.24307E+04	-1.41001E+04
1.00000E+00	-2.52458E+04	-1.71875E+04
1.00000E+00	-2.80058E+04	-2.02668E+04
1.00000E+00	-3.14584E+04	-2.42001E+04
1.00000E+00	-1.07870E+04	-1.26349E+03
1.00000E+00	-1.26652E+04	-3.28535E+03
1.00000E+00	-1.46413E+04	-5.37797E+03
1.00000E+00	-1.67040E+04	-7.64603E+03
1.00000E+00	-1.65052E+04	-7.39302E+03
1.00000E+00	-1.83243E+04	-9.36312E+03
1.00000E+00	-2.03297E+04	-1.15731E+04
1.00000E+00	-2.18650E+04	-1.32572E+04
1.00000E+00	-2.34601E+04	-1.50210E+04
1.00000E+00	-2.68809E+04	-1.88585E+04
1.00000E+00	-2.93497E+04	-2.14679E+04
1.00000E+00	-3.24175E+04	-2.46599E+04
1.00000E+00	-3.43582E+04	-2.66434E+04
1.00000E+00	-3.59791E+04	-2.82579E+04
1.00000E+00	-3.80557E+04	-3.03175E+04
1.00000E+00	-2.04206E+04	-9.49165E+03
1.00000E+00	-2.21525E+04	-1.14474E+04
1.00000E+00	-2.43714E+04	-1.53617E+04
1.00000E+00	-2.68745E+04	-1.84430E+04
1.00000E+00	-2.54258E+04	-1.45976E+04
1.00000E+00	-2.72732E+04	-1.77440E+04
1.00000E+00	-2.97580E+04	-2.13124E+04
1.00000E+00	-2.99870E+04	-1.95491E+04
1.00000E+00	-3.19199E+04	-2.32954E+04
1.00000E+00	-3.41925E+04	-2.50536E+04
1.00000E+00	-3.50905E+04	-2.72867E+04
1.00000E+00	-3.67821E+04	-2.86050E+04
1.00000E+00	-3.71652E+04	-2.81779E+04
1.00000E+00	-3.71221E+04	-2.73275E+04
1.00000E+00	-3.73197E+04	-2.76845E+04
1.00000E+00	-2.69514E+04	-1.66689E+04
1.00000E+00	-2.89969E+04	-1.83907E+04
1.00000E+00	-3.08714E+04	-2.01821E+04
1.00000E+00	-3.27687E+04	-2.33450E+04
1.00000E+00	-3.03242E+04	-1.99617E+04
1.00000E+00	-3.23772E+04	-2.17720E+04
1.00000E+00	-3.44183E+04	-2.40498E+04
1.00000E+00	-3.31784E+04	-2.28668E+04
1.00000E+00	-3.50982E+04	-2.46951E+04
1.00000E+00	-3.55355E+04	-2.54118E+04
1.00000E+00	-3.66668E+04	-2.70976E+04
1.00000E+00	-3.64796E+04	-2.67133E+04
1.00000E+00	-3.47083E+04	-2.48696E+04
1.00000E+00	-3.22119E+04	-2.24136E+04
1.00000E+00	-2.98285E+04	-2.02753E+04
1.00000E+00	-2.82710E+04	-1.87212E+04
1.00000E+00	-3.06302E+04	-2.07436E+04
1.00000E+00	-3.28173E+04	-2.27420E+04
1.00000E+00	-3.48416E+04	-2.47410E+04
1.00000E+00	-2.94861E+04	-1.97365E+04
1.00000E+00	-3.18828E+04	-2.18641E+04
1.00000E+00	-3.42316E+04	-2.41409E+04
1.00000E+00	-3.01578E+04	-2.03322E+04
1.00000E+00	-3.24315E+04	-2.24137E+04
1.00000E+00	-3.03023E+04	-2.05091E+04
1.00000E+00	-3.47104E+04	-2.58385E+04
1.00000E+00	-3.19421E+04	-2.29590E+04
1.00000E+00	-2.75783E+04	-1.84542E+04
1.00000E+00	-2.25469E+04	-1.33222E+04
1.00000E+00	-1.77456E+04	-8.58261E+03
1.00000E+00	-2.42762E+04	-1.55002E+04
1.00000E+00	-2.70664E+04	-1.80310E+04
1.00000E+00	-2.97559E+04	-2.06065E+04
1.00000E+00	-3.23400E+04	-2.32069E+04
1.00000E+00	-2.34846E+04	-1.44240E+04
1.00000E+00	-2.63015E+04	-1.70544E+04
1.00000E+00	-2.91506E+04	-1.99039E+04
1.00000E+00	-2.21395E+04	-1.29123E+04
1.00000E+00	-2.48178E+04	-1.54846E+04
1.00000E+00	-2.02573E+04	-1.09651E+04
1.00000E+00	-1.15119E+04	-1.64911E+03
1.00000E+00	-1.49702E+04	-5.27709E+03
1.00000E+00	-1.69723E+04	-7.43949E+03
1.00000E+00	-1.83681E+04	-9.06299E+03
1.00000E+00	-1.99761E+04	-1.10916E+04
1.00000E+00	-9.46101E+03	-4.55179E+02
1.00000E+00	-1.01752E+04	-7.44044E+02
1.00000E+00	-1.07584E+04	-1.02914E+03
1.00000E+00	-1.12330E+04	-1.32676E+03
1.00000E+00	-1.29286E+04	-3.76835E+03
1.00000E+00	-1.36455E+04	-4.11203E+03
1.00000E+00	-1.43475E+04	-4.61034E+03
1.00000E+00	-1.58439E+04	-6.64492E+03
1.00000E+00	-1.63991E+04	-6.88445E+03
1.00000E+00	-1.82239E+04	-9.08575E+03
1.00000E+00	-1.26513E+04	-1.51213E+03
1.00000E+00	-1.66645E+04	-5.70858E+03
1.00000E+00	-1.93246E+04	-8.55321E+03
1.00000E+00	-2.14497E+04	-1.09424E+04
1.00000E+00	-2.38270E+04	-1.37896E+04
1.00000E+00	-1.08624E+04	-5.30582E+02
1.00000E+00	-1.14904E+04	-7.20681E+02
1.00000E+00	-1.20027E+04	-9.44080E+02
1.00000E+00	-1.24193E+04	-1.20650E+03
1.00000E+00	-1.49251E+04	-4.47651E+03
1.00000E+00	-1.55337E+04	-4.70305E+03
1.00000E+00	-1.61358E+04	-5.11274E+03
1.00000E+00	-1.84473E+04	-8.00098E+03
1.00000E+00	-1.88763E+04	-8.11006E+03
1.00000E+00	-2.14455E+04	-1.11052E+04
1.00000E+00	-1.32130E+04	-1.34323E+03
1.00000E+00	-1.76002E+04	-5.89317E+03
1.00000E+00	-2.07911E+04	-9.27568E+03
1.00000E+00	-2.35682E+04	-1.23341E+04
1.00000E+00	-2.66864E+04	-1.59489E+04
1.00000E+00	-1.13729E+04	-1.27242E+02
1.00000E+00	-1.19972E+04	-3.49182E+02
1.00000E+00	-1.25160E+04	-6.18488E+02
1.00000E+00	-1.29494E+04	-9.40383E+02
1.00000E+00	-1.59868E+04	-4.67348E+03
1.00000E+00	-1.65494E+04	-4.88818E+03
1.00000E+00	-1.71094E+04	-5.29339E+03
1.00000E+00	-2.00846E+04	-8.82557E+03
1.00000E+00	-2.04293E+04	-8.88299E+03
1.00000E+00	-2.36821E+04	-1.25839E+04
1.00000E+00	-1.51514E+04	-5.35438E+03
1.00000E+00	-1.90151E+04	-9.33421E+03
1.00000E+00	-2.19273E+04	-1.20384E+04
1.00000E+00	-2.48236E+04	-1.38682E+04
1.00000E+00	-2.85054E+04	-1.76318E+04
1.00000E+00	-1.11472E+04	5.67636E+02
1.00000E+00	-1.18465E+04	1.99917E+02
1.00000E+00	-1.25440E+04	-7.40551E+02
1.00000E+00	-1.37520E+04	-3.34595E+03
1.00000E+00	-1.62099E+04	-4.47786E+03
1.00000E+00	-1.67980E+04	-4.83387E+03
1.00000E+00	-1.76109E+04	-6.76829E+03
1.00000E+00	-2.07946E+04	-9.17479E+03
1.00000E+00	-2.11383E+04	-9.46851E+03
1.00000E+00	-2.49208E+04	-1.35425E+04
1.00000E+00	-2.27226E+04	-1.25271E+04
1.00000E+00	-2.47151E+04	-1.46329E+04
1.00000E+00	-2.51949E+04	-1.52135E+04
1.00000E+00	-2.50321E+04	-1.52164E+04
1.00000E+00	-2.50655E+04	-1.56062E+04
1.00000E+00	-1.85448E+04	-9.06651E+03
1.00000E+00	-1.98141E+04	-9.93770E+03
1.00000E+00	-2.09415E+04	-1.08012E+04
1.00000E+00	-2.19425E+04	-1.16636E+04
1.00000E+00	-2.10136E+04	-1.13529E+04
1.00000E+00	-2.22928E+04	-1.22895E+04
1.00000E+00	-2.35506E+04	-1.33820E+04
1.00000E+00	-2.29305E+04	-1.32049E+04
1.00000E+00	-2.40550E+04	-1.40490E+04
1.00000E+00	-2.43120E+04	-1.46226E+04
1.00000E+00	-2.45267E+04	-1.33053E+04
1.00000E+00	-2.72601E+04	-1.61788E+04
1.00000E+00	-2.85381E+04	-1.75934E+04
1.00000E+00	-2.91990E+04	-1.84648E+04
1.00000E+00	-3.00497E+04	-1.97257E+04
1.00000E+00	-2.03560E+04	-9.79062E+03
1.00000E+00	-2.16335E+04	-1.06701E+04
1.00000E+00	-2.27635E+04	-1.15502E+04
1.00000E+00	-2.37597E+04	-1.24292E+04
1.00000E+00	-2.36023E+04	-1.29038E+04
1.00000E+00	-2.48801E+04	-1.38425E+04
1.00000E+00	-2.61237E+04	-1.49355E+04
1.00000E+00	-2.63074E+04	-1.55974E+04
1.00000E+00	-2.74248E+04	-1.64408E+04
1.00000E+00	-2.84875E+04	-1.78714E+04
1.00000E+00	-2.57815E+04	-1.47115E+04
1.00000E+00	-2.90784E+04	-1.77339E+04
1.00000E+00	-3.10994E+04	-1.98190E+04
1.00000E+00	-3.25979E+04	-2.15412E+04
1.00000E+00	-3.43337E+04	-2.37255E+04
1.00000E+00	-2.10703E+04	-9.92551E+03
1.00000E+00	-2.24644E+04	-1.09632E+04
1.00000E+00	-2.37027E+04	-1.19972E+04
1.00000E+00	-2.48063E+04	-1.30631E+04
1.00000E+00	-2.51741E+04	-1.39646E+04
1.00000E+00	-2.65390E+04	-1.50309E+04
1.00000E+00	-2.78559E+04	-1.62442E+04
1.00000E+00	-2.87601E+04	-1.76107E+04
1.00000E+00	-2.99396E+04	-1.85559E+04
1.00000E+00	-3.18443E+04	-2.08641E+04
1.00000E+00	-3.03542E+04	-2.01773E+04
1.00000E+00	-3.08200E+04	-2.06969E+04
1.00000E+00	-2.97307E+04	-1.96423E+04
1.00000E+00	-2.79762E+04	-1.79808E+04
1.00000E+00	-2.64150E+04	-1.66967E+04
1.00000E+00	-2.40651E+04	-1.44417E+04
1.00000E+00	-2.58671E+04	-1.58808E+04
1.00000E+00	-2.75288E+04	-1.73201E+04
1.00000E+00	-2.90582E+04	-1.87545E+04
1.00000E+00	-2.54919E+04	-1.56573E+04
1.00000E+00	-2.73103E+04	-1.71735E+04
1.00000E+00	-2.91126E+04	-1.88560E+04
1.00000E+00	-2.63664E+04	-1.64385E+04
1.00000E+00	-2.80361E+04	-1.78736E+04
1.00000E+00	-2.67050E+04	-1.67850E+04
1.00000E+00	-3.25742E+04	-2.16690E+04
1.00000E+00	-3.39252E+04	-2.31121E+04
1.00000E+00	-3.37335E+04	-2.30042E+04
1.00000E+00	-3.28565E+04	-2.22775E+04
1.00000E+00	-3.21210E+04	-2.18837E+04
1.00000E+00	-2.62303E+04	-1.58533E+04
1.00000E+00	-2.80856E+04	-1.73432E+04
1.00000E+00	-2.97743E+04	-1.88137E+04
1.00000E+00	-3.13041E+04	-2.02571E+04
1.00000E+00	-2.85277E+04	-1.79907E+04
1.00000E+00	-3.04019E+04	-1.95619E+04
1.00000E+00	-3.22275E+04	-2.12721E+04
1.00000E+00	-3.02826E+04	-1.97082E+04
1.00000E+00	-3.20151E+04	-2.12065E+04
1.00000E+00	-3.15113E+04	-2.10058E+04
1.00000E+00	-3.44445E+04	-2.46034E+04
1.00000E+00	-3.33241E+04	-2.34683E+04
1.00000E+00	-3.06202E+04	-2.07218E+04
1.00000E+00	-2.72424E+04	-1.73500E+04
1.00000E+00	-2.40691E+04	-1.43565E+04
1.00000E+00	-2.60698E+04	-1.65881E+04
1.00000E+00	-2.83795E+04	-1.85807E+04
1.00000E+00	-3.05624E+04	-2.05899E+04
1.00000E+00	-3.26199E+04	-2.26020E+04
1.00000E+00	-2.64099E+04	-1.66832E+04
1.00000E+00	-2.87415E+04	-1.87638E+04
1.00000E+00	-3.10747E+04	-2.10308E+04
1.00000E+00	-2.61970E+04	-1.63430E+04
1.00000E+00	-2.83852E+04	-1.83536E+04
1.00000E+00	-2.54477E+04	-1.55675E+04
1.00000E+00	-1.87557E+04	-1.01240E+04
1.00000E+00	-2.24307E+04	-1.41001E+04
1.00000E+00	-2.52458E+04	-1.71875E+04
1.00000E+00	-2.80058E+04	-2.02668E+04
1.00000E+00	-3.14584E+04	-2.42001E+04
1.00000E+00	-1.87064E+04	-9.55489E+03
1.00000E+00	-1.90139E+04	-1.04751E+04
1.00000E+00	-1.85025E+04	-9.87687E+03
1.00000E+00	-1.81231E+04	-9.31967E+03
1.00000E+00	-2.36465E+04	-1.50295E+04
1.00000E+00	-2.32551E+04	-1.49087E+04
1.00000E+00	-2.25631E+04	-1.41267E+04
1.00000E+00	-2.75974E+04	-1.94478E+04
1.00000E+00	-2.63663E+04	-1.82576E+04
1.00000E+00	-3.03190E+04	-2.25807E+04
1.00000E+00	-2.93497E+04	-2.14679E+04
1.00000E+00	-3.24175E+04	-2.46599E+04
1.00000E+00	-3.43582E+04	-2.66434E+04
1.00000E+00	-3.59791E+04	-2.82579E+04
1.00000E+00	-3.80557E+04	-3.03175E+04
1.00000E+00	-2.40914E+04	-1.42480E+04
1.00000E+00	-2.56490E+04	-1.56533E+04
1.00000E+00	-2.62688E+04	-1.74172E+04
1.00000E+00	-2.73061E+04	-1.89507E+04
1.00000E+00	-2.99136E+04	-1.98979E+04
1.00000E+00	-3.05373E+04	-2.08790E+04
1.00000E+00	-3.11259E+04	-2.27943E+04
1.00000E+00	-3.42446E+04	-2.42795E+04
1.00000E+00	-3.40766E+04	-2.55409E+04
1.00000E+00	-3.69824E+04	-2.78347E+04
1.00000E+00	-3.50905E+04	-2.72867E+04
1.00000E+00	-3.67821E+04	-2.86050E+04
1.00000E+00	-3.71652E+04	-2.81779E+04
1.00000E+00	-3.71221E+04	-2.73275E+04
1.00000E+00	-3.73197E+04	-2.76845E+04
1.00000E+00	-2.41516E+04	-1.43410E+04
1.00000E+00	-2.75155E+04	-1.74617E+04
1.00000E+00	-2.96991E+04	-1.93141E+04
1.00000E+00	-3.17369E+04	-2.20325E+04
1.00000E+00	-3.00863E+04	-2.01084E+04
1.00000E+00	-3.25397E+04	-2.22827E+04
1.00000E+00	-3.43585E+04	-2.40806E+04
1.00000E+00	-3.43525E+04	-2.43226E+04
1.00000E+00	-3.58056E+04	-2.55675E+04
1.00000E+00	-3.68354E+04	-2.68707E+04
1.00000E+00	-3.66668E+04	-2.70976E+04
1.00000E+00	-3.64796E+04	-2.67133E+04
1.00000E+00	-3.47083E+04	-2.48696E+04
1.00000E+00	-3.22119E+04	-2.24136E+04
1.00000E+00	-2.98285E+04	-2.02753E+04
1.00000E+00	-1.90063E+04	-9.43373E+03
1.00000E+00	-2.40287E+04	-1.42739E+04
1.00000E+00	-2.80805E+04	-1.80171E+04
1.00000E+00	-3.20233E+04	-2.18097E+04
1.00000E+00	-2.43205E+04	-1.45674E+04
1.00000E+00	-2.85879E+04	-1.86233E+04
1.00000E+00	-3.23804E+04	-2.22622E+04
1.00000E+00	-2.79592E+04	-1.81411E+04
1.00000E+00	-3.13717E+04	-2.13670E+04
1.00000E+00	-2.98541E+04	-2.00709E+04
1.00000E+00	-3.47104E+04	-2.58385E+04
1.00000E+00	-3.19421E+04	-2.29590E+04
1.00000E+00	-2.75783E+04	-1.84542E+04
1.00000E+00	-2.25469E+04	-1.33222E+04
1.00000E+00	-1.77456E+04	-8.58261E+03
1.00000E+00	-1.01261E+04	-1.19898E+03
1.00000E+00	-1.64616E+04	-7.41817E+03
1.00000E+00	-2.21481E+04	-1.28856E+04
1.00000E+00	-2.79959E+04	-1.86647E+04
1.00000E+00	-1.43813E+04	-5.20173E+03
1.00000E+00	-2.01646E+04	-1.08651E+04
1.00000E+00	-2.57807E+04	-1.64327E+04
1.00000E+00	-1.70995E+04	-7.78927E+03
1.00000E+00	-2.22328E+04	-1.28501E+04
1.00000E+00	-1.82630E+04	-8.92757E+03
1.00000E+00	-2.32290E+03	8.38353E+03
1.00000E+00	-1.11845E+03	9.49056E+03
1.00000E+00	6.19096E+02	1.10900E+04
1.00000E+00	2.09557E+03	1.23120E+04
1.00000E+00	2.54813E+03	1.22691E+04
1.00000E+00	3.24504E+03	1.39955E+04
1.00000E+00	3.08095E+03	1.41436E+04
1.00000E+00	2.73513E+03	1.40806E+04
1.00000E+00	1.22501E+03	1.25720E+04
1.00000E+00	1.33332E+03	1.20200E+04
1.00000E+00	1.69079E+03	1.26671E+04
1.00000E+00	1.16800E+03	1.22305E+04
1.00000E+00	5.50092E+02	1.10510E+04
1.00000E+00	1.32256E+03	1.20394E+04
1.00000E+00	9.12857E+02	1.11227E+04
1.00000E+00	-8.79097E+03	1.91289E+03
1.00000E+00	-8.20108E+03	2.52534E+03
1.00000E+00	-6.88148E+03	3.82677E+03
1.00000E+00	-5.60843E+03	4.96510E+03
1.00000E+00	-5.12688E+03	5.07098E+03
1.00000E+00	8.89247E+02	1.22858E+04
1.00000E+00	-8.81348E+02	1.05761E+04
1.00000E+00	-2.44809E+03	9.10007E+03
1.00000E+00	-4.79347E+03	6.62370E+03
1.00000E+00	-2.07480E+03	9.20568E+03
1.00000E+00	-3.37092E+03	7.98077E+03
1.00000E+00	-5.11855E+03	6.16056E+03
1.00000E+00	-4.12938E+03	6.91976E+03
1.00000E+00	-5.00339E+03	6.07640E+03
1.00000E+00	-5.20593E+03	5.51316E+03
1.00000E+00	-1.28473E+04	-1.78610E+03
1.00000E+00	-1.36526E+04	-2.52725E+03
1.00000E+00	-1.36279E+04	-2.48002E+03
1.00000E+00	-1.35315E+04	-2.47779E+03
1.00000E+00	-1.40902E+04	-3.37183E+03
1.00000E+00	-3.68241E+03	8.00618E+03
1.00000E+00	-5.90259E+03	5.77413E+03
1.00000E+00	-7.53325E+03	4.22102E+03
1.00000E+00	-9.55690E+03	2.11277E+03
1.00000E+00	-7.71061E+03	3.90916E+03
1.00000E+00	-9.37404E+03	2.27730E+03
1.00000E+00	-1.10602E+04	5.38473E+02
1.00000E+00	-1.08859E+04	5.56358E+02
1.00000E+00	-1.19908E+04	-5.24411E+02
1.00000E+00	-1.30886E+04	-1.91603E+03
1.00000E+00	-1.51235E+04	-5.23134E+03
1.00000E+00	-1.73581E+04	-7.30837E+03
1.00000E+00	-1.88370E+04	-8.02340E+03
1.00000E+00	-2.04146E+04	-9.20849E+03
1.00000E+00	-2.26662E+04	-1.17169E+04
1.00000E+00	-1.03322E+04	1.01649E+03
1.00000E+00	-1.18453E+04	-4.03615E+02
1.00000E+00	-1.23903E+04	-7.35268E+02
1.00000E+00	-1.30387E+04	-1.83240E+03
1.00000E+00	-1.50485E+04	-3.62219E+03
1.00000E+00	-1.57950E+04	-4.20603E+03
1.00000E+00	-1.61660E+04	-4.56326E+03
1.00000E+00	-1.88063E+04	-7.40587E+03
1.00000E+00	-1.87365E+04	-7.17988E+03
1.00000E+00	-2.14366E+04	-1.01556E+04
1.00000E+00	-1.41461E+04	-3.66825E+03
1.00000E+00	-1.32797E+04	-2.82109E+03
1.00000E+00	-1.13980E+04	-9.79425E+02
1.00000E+00	-9.32921E+03	9.52922E+02
1.00000E+00	-7.86983E+03	2.05488E+03
1.00000E+00	-3.60378E+03	7.03423E+03
1.00000E+00	-5.00053E+03	5.87116E+03
1.00000E+00	-6.61507E+03	4.49371E+03
1.00000E+00	-9.38680E+03	1.71090E+03
1.00000E+00	-6.56102E+03	4.09216E+03
1.00000E+00	-7.65837E+03	3.21229E+03
1.00000E+00	-9.61783E+03	1.30007E+03
1.00000E+00	-8.28760E+03	2.25889E+03
1.00000E+00	-9.14102E+03	1.55585E+03
1.00000E+00	-8.76604E+03	1.56844E+03
1.00000E+00	-2.09748E+04	-1.02219E+04
1.00000E+00	-2.11487E+04	-1.03746E+04
1.00000E+00	-2.01532E+04	-9.37877E+03
1.00000E+00	-1.87984E+04	-8.12025E+03
1.00000E+00	-1.78631E+04	-7.50222E+03
1.00000E+00	-7.18144E+03	3.98267E+03
1.00000E+00	-1.01634E+04	1.08228E+03
1.00000E+00	-1.28482E+04	-1.45795E+03
1.00000E+00	-1.61752E+04	-4.82901E+03
1.00000E+00	-1.16949E+04	-5.47986E+02
1.00000E+00	-1.42620E+04	-3.01663E+03
1.00000E+00	-1.71332E+04	-5.89997E+03
1.00000E+00	-1.50435E+04	-4.02909E+03
1.00000E+00	-1.71972E+04	-6.11818E+03
1.00000E+00	-1.71588E+04	-6.37554E+03
1.00000E+00	-2.54358E+04	-1.44751E+04
1.00000E+00	-2.73025E+04	-1.62423E+04
1.00000E+00	-2.79611E+04	-1.69013E+04
1.00000E+00	-2.81911E+04	-1.72547E+04
1.00000E+00	-2.87487E+04	-1.81653E+04
1.00000E+00	-1.45283E+04	-3.44786E+03
1.00000E+00	-1.75506E+04	-6.36195E+03
1.00000E+00	-1.97608E+04	-8.34171E+03
1.00000E+00	-2.21010E+04	-1.05911E+04
1.00000E+00	-2.01224E+04	-8.99213E+03
1.00000E+00	-2.24851E+04	-1.11967E+04
1.00000E+00	-2.45945E+04	-1.32016E+04
1.00000E+00	-2.44550E+04	-1.33836E+04
1.00000E+00	-2.61055E+04	-1.48773E+04
1.00000E+00	-2.74066E+04	-1.64863E+04
1.00000E+00	-2.53440E+04	-1.52231E+04
1.00000E+00	-2.40238E+04	-1.38638E+04
1.00000E+00	-2.13503E+04	-1.11519E+04
1.00000E+00	-1.81851E+04	-8.02495E+03
1.00000E+00	-1.53590E+04	-5.43798E+03
1.00000E+00	-8.74946E+03	1.56844E+03
1.00000E+00	-1.18921E+04	-1.39941E+03
1.00000E+00	-1.51260E+04	-4.42204E+03
1.00000E+00	-1.93476E+04	-8.64731E+03
1.00000E+00	-1.24458E+04	-2.03360E+03
1.00000E+00	-1.53579E+04	-4.78059E+03
1.00000E+00	-1.89516E+04	-8.34616E+03
1.00000E+00	-1.48093E+04	-4.42471E+03
1.00000E+00	-1.74954E+04	-7.00613E+03
1.00000E+00	-1.58225E+04	-5.57085E+03
1.00000E+00	-3.16834E+04	-2.11146E+04
1.00000E+00	-3.18563E+04	-2.12839E+04
1.00000E+00	-3.05646E+04	-1.99921E+04
1.00000E+00	-2.86519E+04	-1.81567E+04
1.00000E+00	-2.69306E+04	-1.67141E+04
1.00000E+00	-1.46475E+04	-4.02321E+03
1.00000E+00	-1.88666E+04	-8.12025E+03
1.00000E+00	-2.25327E+04	-1.15682E+04
1.00000E+00	-2.65422E+04	-1.55151E+04
1.00000E+00	-1.99444E+04	-9.23836E+03
1.00000E+00	-2.36551E+04	-1.28035E+04
1.00000E+00	-2.73599E+04	-1.64403E+04
1.00000E+00	-2.38210E+04	-1.31486E+04
1.00000E+00	-2.69736E+04	-1.61830E+04
1.00000E+00	-2.62090E+04	-1.56689E+04
1.00000E+00	-3.32087E+04	-2.35235E+04
1.00000E+00	-3.11025E+04	-2.13395E+04
1.00000E+00	-2.74488E+04	-1.75888E+04
1.00000E+00	-2.31431E+04	-1.32428E+04
1.00000E+00	-1.90497E+04	-9.29020E+03
1.00000E+00	-1.13225E+04	-1.48238E+03
1.00000E+00	-1.62646E+04	-6.28881E+03
1.00000E+00	-2.10090E+04	-1.08279E+04
1.00000E+00	-2.64090E+04	-1.62045E+04
1.00000E+00	-1.54514E+04	-5.43798E+03
1.00000E+00	-2.00788E+04	-9.93267E+03
1.00000E+00	-2.50444E+04	-1.48697E+04
1.00000E+00	-1.81454E+04	-8.08051E+03
1.00000E+00	-2.24114E+04	-1.22677E+04
1.00000E+00	-1.93871E+04	-9.37593E+03
1.00000E+00	-7.66413E+03	1.46249E+02
1.00000E+00	-1.08836E+04	-2.90833E+03
1.00000E+00	-1.36292E+04	-5.60412E+03
1.00000E+00	-1.59250E+04	-7.94171E+03
1.00000E+00	-1.77468E+04	-9.92064E+03
1.00000E+00	3.90632E+02	8.87306E+03
1.00000E+00	-1.53822E+03	6.98696E+03
1.00000E+00	-3.53206E+03	4.90260E+03
1.00000E+00	-5.60550E+03	2.62151E+03
1.00000E+00	-5.68724E+03	2.80857E+03
1.00000E+00	-7.37543E+03	1.12590E+03
1.00000E+00	-9.13093E+03	-7.80249E+02
1.00000E+00	-1.07432E+04	-2.34521E+03
1.00000E+00	-1.21937E+04	-3.85033E+03
1.00000E+00	-1.47939E+04	-6.58828E+03
1.00000E+00	-1.62814E+04	-7.94171E+03
1.00000E+00	-1.84597E+04	-9.92064E+03
1.00000E+00	-2.01639E+04	-1.15409E+04
1.00000E+00	-2.14185E+04	-1.28024E+04
1.00000E+00	-2.21990E+04	-1.37051E+04
1.00000E+00	-4.75623E+03	4.19201E+03
1.00000E+00	-7.43039E+03	1.57619E+03
1.00000E+00	-1.02511E+04	-1.31935E+03
1.00000E+00	-1.32329E+04	-4.49263E+03
1.00000E+00	-1.07768E+04	-1.76472E+03
1.00000E+00	-1.32123E+04	-4.17910E+03
1.00000E+00	-1.57966E+04	-6.89840E+03
1.00000E+00	-1.56979E+04	-6.73314E+03
1.00000E+00	-1.78977E+04	-8.97195E+03
1.00000E+00	-1.95362E+04	-1.07133E+04
1.00000E+00	-2.13942E+04	-1.28024E+04
1.00000E+00	-2.25312E+04	-1.37051E+04
1.00000E+00	-2.31941E+04	-1.42490E+04
1.00000E+00	-2.34073E+04	-1.44342E+04
1.00000E+00	-2.31465E+04	-1.42606E+04
1.00000E+00	-7.35332E+03	1.78496E+03
1.00000E+00	-1.05341E+04	-1.32198E+03
1.00000E+00	-1.39429E+04	-4.79017E+03
1.00000E+00	-1.75944E+04	-8.61762E+03
1.00000E+00	-1.30779E+04	-3.82528E+03
1.00000E+00	-1.60220E+04	-6.73276E+03
1.00000E+00	-1.91964E+04	-1.00267E+04
1.00000E+00	-1.76254E+04	-8.36962E+03
1.00000E+00	-2.03358E+04	-1.11035E+04
1.00000E+00	-2.10124E+04	-1.18481E+04
1.00000E+00	-2.30752E+04	-1.44342E+04
1.00000E+00	-2.31708E+04	-1.42606E+04
1.00000E+00	-2.27924E+04	-1.37282E+04
1.00000E+00	-2.19642E+04	-1.28370E+04
1.00000E+00	-2.06621E+04	-1.15870E+04
1.00000E+00	-7.47344E+03	1.65211E+03
1.00000E+00	-1.09221E+04	-1.70727E+03
1.00000E+00	-1.46804E+04	-5.50944E+03
1.00000E+00	-1.87629E+04	-9.75241E+03
1.00000E+00	-1.26633E+04	-3.37291E+03
1.00000E+00	-1.58772E+04	-6.53481E+03
1.00000E+00	-1.94031E+04	-1.01647E+04
1.00000E+00	-1.65985E+04	-7.25444E+03
1.00000E+00	-1.95807E+04	-1.02447E+04
1.00000E+00	-1.92956E+04	-9.99247E+03
1.00000E+00	-2.12514E+04	-1.28370E+04
1.00000E+00	-2.03057E+04	-1.15870E+04
1.00000E+00	-1.88859E+04	-9.97821E+03
1.00000E+00	-1.70164E+04	-8.01062E+03
1.00000E+00	-1.46729E+04	-5.68422E+03
1.00000E+00	-5.04374E+03	3.79352E+03
1.00000E+00	-8.52153E+03	4.20421E+02
1.00000E+00	-1.23905E+04	-3.47702E+03
1.00000E+00	-1.66653E+04	-7.89682E+03
1.00000E+00	-9.46013E+03	-4.07553E+02
1.00000E+00	-1.27052E+04	-3.58515E+03
1.00000E+00	-1.63437E+04	-7.31230E+03
1.00000E+00	-1.25442E+04	-3.38754E+03
1.00000E+00	-1.55595E+04	-6.39550E+03
1.00000E+00	-1.43127E+04	-5.14643E+03
1.00000E+00	-7.76030E+02	9.04627E+03
1.00000E+00	1.64937E+02	1.00896E+04
1.00000E+00	1.26161E+03	1.11734E+04
1.00000E+00	2.48972E+03	1.22977E+04
1.00000E+00	3.87353E+03	1.34625E+04
1.00000E+00	3.99985E+03	1.44919E+04
1.00000E+00	2.92631E+03	1.34613E+04
1.00000E+00	1.76404E+03	1.22089E+04
1.00000E+00	4.98445E+02	1.07365E+04
1.00000E+00	1.95919E+03	1.24029E+04
1.00000E+00	1.42877E+03	1.18782E+04
1.00000E+00	8.07299E+02	1.11064E+04
1.00000E+00	1.25079E+03	1.15350E+04
1.00000E+00	1.26051E+03	1.14903E+04
1.00000E+00	1.85808E+03	1.18882E+04
1.00000E+00	-3.47708E+02	9.60346E+03
1.00000E+00	-7.98911E+01	9.98906E+03
1.00000E+00	4.23210E+02	1.04947E+04
1.00000E+00	1.13732E+03	1.11204E+04
1.00000E+00	2.08671E+03	1.18662E+04
1.00000E+00	5.35472E+03	1.59756E+04
1.00000E+00	4.04063E+03	1.47045E+04
1.00000E+00	2.64375E+03	1.32175E+04
1.00000E+00	1.14949E+03	1.15165E+04
1.00000E+00	2.64502E+03	1.32331E+04
1.00000E+00	1.79845E+03	1.23922E+04
1.00000E+00	8.66754E+02	1.13102E+04
1.00000E+00	1.19000E+03	1.16340E+04
1.00000E+00	8.07948E+02	1.11975E+04
1.00000E+00	9.73077E+02	1.11783E+04
1.00000E+00	-1.40990E+03	8.27060E+03
1.00000E+00	-2.05990E+03	7.75387E+03
1.00000E+00	-2.39503E+03	7.43676E+03
1.00000E+00	-2.43959E+03	7.31927E+03
1.00000E+00	-2.16929E+03	7.40142E+03
1.00000E+00	5.14780E+03	1.54982E+04
1.00000E+00	3.61099E+03	1.40043E+04
1.00000E+00	1.99732E+03	1.23005E+04
1.00000E+00	2.92213E+02	1.03886E+04
1.00000E+00	1.54224E+03	1.18751E+04
1.00000E+00	3.97314E+02	1.07359E+04
1.00000E+00	-8.26784E+02	9.36152E+03
1.00000E+00	-8.86259E+02	9.31800E+03
1.00000E+00	-1.64227E+03	8.50759E+03
1.00000E+00	-2.15425E+03	7.82676E+03
1.00000E+00	-3.95893E+03	5.10087E+03
1.00000E+00	-5.77138E+03	3.43727E+03
1.00000E+00	-7.18941E+03	2.05280E+03
1.00000E+00	-8.23729E+03	9.47492E+02
1.00000E+00	-8.89074E+03	1.21367E+02
1.00000E+00	3.38284E+03	1.31129E+04
1.00000E+00	1.64111E+03	1.14141E+04
1.00000E+00	-1.71536E+02	9.51115E+03
1.00000E+00	-2.06970E+03	7.40610E+03
1.00000E+00	-1.34545E+03	8.38256E+03
1.00000E+00	-2.77091E+03	6.96278E+03
1.00000E+00	-4.26960E+03	5.31369E+03
1.00000E+00	-4.97427E+03	4.64053E+03
1.00000E+00	-6.08644E+03	3.47392E+03
1.00000E+00	-7.52019E+03	1.88680E+03
1.00000E+00	-2.00601E+04	-1.02552E+04
1.00000E+00	-1.69524E+04	-6.99461E+03
1.00000E+00	-1.36093E+04	-3.61396E+03
1.00000E+00	-1.00553E+04	-1.13253E+02
1.00000E+00	-6.26594E+03	3.50753E+03
1.00000E+00	-3.76390E+03	6.64905E+03
1.00000E+00	-7.60410E+03	2.86724E+03
1.00000E+00	-1.16086E+04	-1.21205E+03
1.00000E+00	-1.57921E+04	-5.58685E+03
1.00000E+00	-6.39849E+03	4.03203E+03
1.00000E+00	-9.77316E+03	6.78515E+02
1.00000E+00	-1.33145E+04	-2.99769E+03
1.00000E+00	-7.70082E+03	2.63610E+03
1.00000E+00	-1.06130E+04	-3.14983E+02
1.00000E+00	-7.68746E+03	2.46127E+03
1.00000E+00	-1.67841E+04	-6.93115E+03
1.00000E+00	-1.51937E+04	-5.17248E+03
1.00000E+00	-1.32884E+04	-3.21418E+03
1.00000E+00	-1.10926E+04	-1.05623E+03
1.00000E+00	-8.58188E+03	1.30136E+03
1.00000E+00	-2.00699E+03	8.45400E+03
1.00000E+00	-5.47632E+03	5.04306E+03
1.00000E+00	-9.10406E+03	1.34057E+03
1.00000E+00	-1.29048E+04	-2.65149E+03
1.00000E+00	-5.54340E+03	4.95060E+03
1.00000E+00	-8.62282E+03	1.89233E+03
1.00000E+00	-1.18630E+04	-1.48269E+03
1.00000E+00	-7.82514E+03	2.59069E+03
1.00000E+00	-1.05176E+04	-1.40763E+02
1.00000E+00	-8.86879E+03	1.37428E+03
1.00000E+00	-1.56105E+04	-6.17772E+03
1.00000E+00	-1.57821E+04	-6.16558E+03
1.00000E+00	-1.55593E+04	-5.87425E+03
1.00000E+00	-1.49663E+04	-5.30372E+03
1.00000E+00	-1.39789E+04	-4.45397E+03
1.00000E+00	-2.42376E+03	7.61719E+03
1.00000E+00	-5.50441E+03	4.59492E+03
1.00000E+00	-8.73753E+03	1.28703E+03
1.00000E+00	-1.21377E+04	-2.30450E+03
1.00000E+00	-7.08884E+03	3.00055E+03
1.00000E+00	-9.85520E+03	2.55342E+02
1.00000E+00	-1.27763E+04	-2.80069E+03
1.00000E+00	-1.05768E+04	-5.50190E+02
1.00000E+00	-1.30319E+04	-3.04421E+03
1.00000E+00	-1.29044E+04	-3.03503E+03
1.00000E+00	-2.99221E+04	-2.03362E+04
1.00000E+00	-2.60913E+04	-1.63021E+04
1.00000E+00	-2.19456E+04	-1.20683E+04
1.00000E+00	-1.75093E+04	-7.63494E+03
1.00000E+00	-1.27582E+04	-3.00189E+03
1.00000E+00	-7.88045E+03	2.25170E+03
1.00000E+00	-1.30436E+04	-2.83760E+03
1.00000E+00	-1.84467E+04	-8.30000E+03
1.00000E+00	-2.41043E+04	-1.41335E+04
1.00000E+00	-1.11090E+04	-8.93338E+02
1.00000E+00	-1.58842E+04	-5.63194E+03
1.00000E+00	-2.09016E+04	-1.07689E+04
1.00000E+00	-1.30052E+04	-2.81728E+03
1.00000E+00	-1.73955E+04	-7.23105E+03
1.00000E+00	-1.35858E+04	-3.52013E+03
1.00000E+00	-2.44281E+04	-1.49437E+04
1.00000E+00	-2.29588E+04	-1.32557E+04
1.00000E+00	-2.10951E+04	-1.12885E+04
1.00000E+00	-1.88613E+04	-9.04205E+03
1.00000E+00	-1.62330E+04	-6.51639E+03
1.00000E+00	-6.35122E+03	3.67949E+03
1.00000E+00	-1.05321E+04	-4.27535E+02
1.00000E+00	-1.49469E+04	-4.90173E+03
1.00000E+00	-1.96104E+04	-9.74111E+03
1.00000E+00	-1.07144E+04	-5.84724E+02
1.00000E+00	-1.45829E+04	-4.41667E+03
1.00000E+00	-1.86878E+04	-8.64099E+03
1.00000E+00	-1.38228E+04	-3.70544E+03
1.00000E+00	-1.73820E+04	-7.28817E+03
1.00000E+00	-1.56932E+04	-5.68266E+03
1.00000E+00	-3.04116E+04	-2.11968E+04
1.00000E+00	-2.73015E+04	-1.78329E+04
1.00000E+00	-2.37969E+04	-1.41898E+04
1.00000E+00	-1.99222E+04	-1.02674E+04
1.00000E+00	-1.56530E+04	-6.06581E+03
1.00000E+00	-8.39953E+03	1.29986E+03
1.00000E+00	-1.34418E+04	-3.65321E+03
1.00000E+00	-1.87997E+04	-9.05499E+03
1.00000E+00	-2.44878E+04	-1.49035E+04
1.00000E+00	-1.22220E+04	-2.37320E+03
1.00000E+00	-1.69540E+04	-7.05316E+03
1.00000E+00	-2.20039E+04	-1.22071E+04
1.00000E+00	-1.47122E+04	-4.82516E+03
1.00000E+00	-1.91368E+04	-9.25789E+03
1.00000E+00	-1.58867E+04	-6.05603E+03
1.00000E+00	-1.13836E+03	7.12697E+03
1.00000E+00	-1.50881E+03	7.24341E+03
1.00000E+00	-1.69883E+03	7.40974E+03
1.00000E+00	-1.74153E+03	7.62474E+03
1.00000E+00	-1.62190E+03	7.87417E+03
1.00000E+00	3.86815E+03	1.27621E+04
1.00000E+00	2.71065E+03	1.17089E+04
1.00000E+00	1.48424E+03	1.04264E+04
1.00000E+00	1.71072E+02	8.89710E+03
1.00000E+00	2.26731E+03	1.14403E+04
1.00000E+00	1.20008E+03	1.04890E+04
1.00000E+00	-8.05898E+01	9.09241E+03
1.00000E+00	1.49795E+03	1.10539E+04
1.00000E+00	3.72085E+01	9.56249E+03
1.00000E+00	5.14075E+02	1.03004E+04
1.00000E+00	-2.09795E+03	7.62474E+03
1.00000E+00	-2.33474E+03	7.87417E+03
1.00000E+00	-2.41787E+03	8.14459E+03
1.00000E+00	-2.37967E+03	8.42473E+03
1.00000E+00	-2.20351E+03	8.70526E+03
1.00000E+00	5.87242E+02	1.07175E+04
1.00000E+00	-6.49285E+01	1.02038E+04
1.00000E+00	-7.33970E+02	9.52151E+03
1.00000E+00	-1.44097E+03	8.66396E+03
1.00000E+00	-4.65763E+02	9.96260E+03
1.00000E+00	-9.44838E+02	9.65581E+03
1.00000E+00	-1.58866E+03	8.96223E+03
1.00000E+00	-6.06934E+02	1.02420E+04
1.00000E+00	-1.39718E+03	9.49742E+03
1.00000E+00	-8.75891E+02	1.02565E+04
1.00000E+00	-2.35539E+03	8.42473E+03
1.00000E+00	-2.53565E+03	8.70526E+03
1.00000E+00	-2.58543E+03	8.97765E+03
1.00000E+00	-2.53657E+03	9.23292E+03
1.00000E+00	-2.37269E+03	9.46041E+03
1.00000E+00	-2.39612E+03	8.46068E+03
1.00000E+00	-2.44092E+03	8.62712E+03
1.00000E+00	-2.45068E+03	8.68388E+03
1.00000E+00	-2.45024E+03	8.62004E+03
1.00000E+00	-2.90716E+03	8.26297E+03
1.00000E+00	-2.68597E+03	8.74837E+03
1.00000E+00	-2.58168E+03	8.89998E+03
1.00000E+00	-2.40389E+03	9.22305E+03
1.00000E+00	-2.40132E+03	9.38101E+03
1.00000E+00	-1.91813E+03	1.00519E+04
1.00000E+00	-2.20443E+03	9.23292E+03
1.00000E+00	-2.39696E+03	9.46041E+03
1.00000E+00	-2.49817E+03	9.57018E+03
1.00000E+00	-2.76124E+03	8.48616E+03
1.00000E+00	-3.36123E+03	7.40519E+03
1.00000E+00	-5.50912E+03	5.51613E+03
1.00000E+00	-4.81114E+03	6.54124E+03
1.00000E+00	-4.02674E+03	7.51297E+03
1.00000E+00	-3.18461E+03	8.41548E+03
1.00000E+00	-5.44850E+03	5.91453E+03
1.00000E+00	-4.38014E+03	7.38504E+03
1.00000E+00	-3.38120E+03	8.57290E+03
1.00000E+00	-4.25045E+03	7.61120E+03
1.00000E+00	-3.30035E+03	8.86047E+03
1.00000E+00	-3.06282E+03	8.55888E+03
1.00000E+00	-2.04840E+03	8.48616E+03
1.00000E+00	-3.00481E+03	7.40519E+03
1.00000E+00	-4.05113E+03	6.35933E+03
1.00000E+00	-5.17175E+03	5.17957E+03
1.00000E+00	-6.34001E+03	3.81961E+03
1.00000E+00	-9.04153E+03	1.36644E+03
1.00000E+00	-7.44494E+03	3.39820E+03
1.00000E+00	-5.72692E+03	5.30115E+03
1.00000E+00	-3.94860E+03	6.92246E+03
1.00000E+00	-8.55342E+03	1.60949E+03
1.00000E+00	-6.63690E+03	3.82854E+03
1.00000E+00	-4.80460E+03	5.76531E+03
1.00000E+00	-7.26901E+03	2.97264E+03
1.00000E+00	-5.57904E+03	4.91983E+03
1.00000E+00	-6.22066E+03	4.15977E+03
1.00000E+00	1.25327E+04	2.31407E+04
1.00000E+00	1.00620E+04	2.10347E+04
1.00000E+00	7.66499E+03	1.88412E+04
1.00000E+00	5.29423E+03	1.65300E+04
1.00000E+00	2.95060E+03	1.40706E+04
1.00000E+00	8.95163E+03	1.99834E+04
1.00000E+00	9.92765E+03	2.10837E+04
1.00000E+00	1.08431E+04	2.19775E+04
1.00000E+00	1.16808E+04	2.26636E+04
1.00000E+00	8.21038E+03	1.95653E+04
1.00000E+00	8.99493E+03	2.04577E+04
1.00000E+00	9.59002E+03	2.09485E+04
1.00000E+00	7.62254E+03	1.92867E+04
1.00000E+00	7.76185E+03	1.93640E+04
1.00000E+00	6.17173E+03	1.78782E+04
1.00000E+00	9.97705E+03	2.05922E+04
1.00000E+00	7.81256E+03	1.87964E+04
1.00000E+00	5.74814E+03	1.69502E+04
1.00000E+00	3.74000E+03	1.50280E+04
1.00000E+00	1.79292E+03	1.30042E+04
1.00000E+00	8.83460E+03	1.99465E+04
1.00000E+00	9.20361E+03	2.04246E+04
1.00000E+00	9.51028E+03	2.06924E+04
1.00000E+00	9.73747E+03	2.07487E+04
1.00000E+00	7.53473E+03	1.89170E+04
1.00000E+00	7.80031E+03	1.92881E+04
1.00000E+00	7.87081E+03	1.92489E+04
1.00000E+00	6.59236E+03	1.82695E+04
1.00000E+00	6.29306E+03	1.79167E+04
1.00000E+00	4.98343E+03	1.67249E+04
1.00000E+00	6.83952E+03	1.71205E+04
1.00000E+00	5.14983E+03	1.58214E+04
1.00000E+00	3.58645E+03	1.45088E+04
1.00000E+00	2.10945E+03	1.31620E+04
1.00000E+00	7.27436E+02	1.17603E+04
1.00000E+00	7.93769E+03	1.87541E+04
1.00000E+00	7.74910E+03	1.86678E+04
1.00000E+00	7.49646E+03	1.83674E+04
1.00000E+00	7.16263E+03	1.78520E+04
1.00000E+00	6.33179E+03	1.74014E+04
1.00000E+00	6.11631E+03	1.72943E+04
1.00000E+00	5.70020E+03	1.67685E+04
1.00000E+00	5.26445E+03	1.66439E+04
1.00000E+00	4.55295E+03	1.58897E+04
1.00000E+00	3.70391E+03	1.51932E+04
1.00000E+00	3.05080E+03	1.26719E+04
1.00000E+00	1.96973E+03	1.20122E+04
1.00000E+00	1.04193E+03	1.13792E+04
1.00000E+00	2.30870E+02	1.07553E+04
1.00000E+00	-4.51274E+02	1.01229E+04
1.00000E+00	6.19541E+03	1.63727E+04
1.00000E+00	5.49887E+03	1.57805E+04
1.00000E+00	4.73633E+03	1.49696E+04
1.00000E+00	3.88959E+03	1.39335E+04
1.00000E+00	4.50163E+03	1.49416E+04
1.00000E+00	3.84291E+03	1.43991E+04
1.00000E+00	2.97676E+03	1.34233E+04
1.00000E+00	3.50407E+03	1.42887E+04
1.00000E+00	2.40564E+03	1.31561E+04
1.00000E+00	2.16295E+03	1.31138E+04
1.00000E+00	1.05672E+04	2.18173E+04
1.00000E+00	7.38004E+03	1.88667E+04
1.00000E+00	4.23448E+03	1.57891E+04
1.00000E+00	1.08670E+03	1.25589E+04
1.00000E+00	-2.05851E+03	9.15063E+03
1.00000E+00	5.91280E+03	1.76403E+04
1.00000E+00	7.03467E+03	1.88564E+04
1.00000E+00	8.18020E+03	1.99620E+04
1.00000E+00	9.32835E+03	2.09510E+04
1.00000E+00	4.25290E+03	1.60687E+04
1.00000E+00	5.38740E+03	1.73193E+04
1.00000E+00	6.40897E+03	1.82546E+04
1.00000E+00	3.03045E+03	1.49760E+04
1.00000E+00	3.71614E+03	1.56443E+04
1.00000E+00	1.22910E+03	1.30931E+04
1.00000E+00	6.33856E+03	1.75500E+04
1.00000E+00	4.12049E+03	1.56686E+04
1.00000E+00	1.98177E+03	1.37118E+04
1.00000E+00	-1.17537E+02	1.16587E+04
1.00000E+00	-2.16879E+03	9.48884E+03
1.00000E+00	4.62470E+03	1.63897E+04
1.00000E+00	5.03137E+03	1.68790E+04
1.00000E+00	5.44838E+03	1.72395E+04
1.00000E+00	5.85476E+03	1.74651E+04
1.00000E+00	2.99541E+03	1.49050E+04
1.00000E+00	3.47969E+03	1.55006E+04
1.00000E+00	3.83388E+03	1.57577E+04
1.00000E+00	1.98460E+03	1.41126E+04
1.00000E+00	2.07735E+03	1.41879E+04
1.00000E+00	5.68215E+02	1.27336E+04
1.00000E+00	2.08973E+03	1.28801E+04
1.00000E+00	8.66070E+02	1.20771E+04
1.00000E+00	-2.40660E+02	1.12490E+04
1.00000E+00	-1.26660E+03	1.03797E+04
1.00000E+00	-2.19924E+03	9.45378E+03
1.00000E+00	2.82149E+03	1.41385E+04
1.00000E+00	2.63731E+03	1.40537E+04
1.00000E+00	2.45000E+03	1.38209E+04
1.00000E+00	2.23809E+03	1.34315E+04
1.00000E+00	1.40624E+03	1.29416E+04
1.00000E+00	1.35296E+03	1.30196E+04
1.00000E+00	1.15206E+03	1.27339E+04
1.00000E+00	7.67314E+02	1.26207E+04
1.00000E+00	3.68070E+02	1.22250E+04
1.00000E+00	-1.26982E+02	1.18874E+04
1.00000E+00	6.20453E+03	1.76239E+04
1.00000E+00	3.53611E+03	1.52509E+04
1.00000E+00	9.00093E+02	1.27403E+04
1.00000E+00	-1.74345E+03	1.00717E+04
1.00000E+00	-4.38588E+03	7.22430E+03
1.00000E+00	2.14701E+03	1.42158E+04
1.00000E+00	3.03182E+03	1.51442E+04
1.00000E+00	4.00141E+03	1.60289E+04
1.00000E+00	5.03091E+03	1.68592E+04
1.00000E+00	4.20628E+02	1.25093E+04
1.00000E+00	1.49910E+03	1.36855E+04
1.00000E+00	2.51805E+03	1.46036E+04
1.00000E+00	-5.84240E+02	1.16214E+04
1.00000E+00	2.18733E+02	1.24189E+04
1.00000E+00	-1.88396E+03	1.02829E+04
1.00000E+00	1.62849E+03	1.30858E+04
1.00000E+00	2.63784E+02	1.21274E+04
1.00000E+00	-1.01934E+03	1.10969E+04
1.00000E+00	-2.25687E+03	9.97895E+03
1.00000E+00	-3.43628E+03	8.75797E+03
1.00000E+00	-2.25911E+01	1.18926E+04
1.00000E+00	2.97946E+02	1.23170E+04
1.00000E+00	6.78394E+02	1.26648E+04
1.00000E+00	1.09384E+03	1.29247E+04
1.00000E+00	-1.19838E+03	1.08839E+04
1.00000E+00	-6.42308E+02	1.15986E+04
1.00000E+00	-1.74463E+02	1.20173E+04
1.00000E+00	-1.49472E+03	1.08778E+04
1.00000E+00	-1.17995E+03	1.12467E+04
1.00000E+00	-1.93568E+03	1.05955E+04
1.00000E+00	1.34611E+03	1.28515E+04
1.00000E+00	-1.55919E+02	1.17363E+04
1.00000E+00	-1.61282E+03	1.04964E+04
1.00000E+00	-3.08212E+03	9.00486E+03
1.00000E+00	-4.69885E+03	6.72769E+03
1.00000E+00	-2.79404E+03	9.03350E+03
1.00000E+00	-1.94178E+03	1.00126E+04
1.00000E+00	-9.66700E+02	1.09859E+04
1.00000E+00	1.02485E+02	1.19375E+04
1.00000E+00	-3.73474E+03	8.21091E+03
1.00000E+00	-2.53088E+03	9.62205E+03
1.00000E+00	-1.35620E+03	1.08030E+04
1.00000E+00	-3.66996E+03	8.54599E+03
1.00000E+00	-2.59170E+03	9.75114E+03
1.00000E+00	-3.62574E+03	8.72061E+03
