1.00000E+00	-1.87557E+04	-1.01240E+04
1.00000E+00	-2.29165E+04	-1.45841E+04
1.00000E+00	-2.65956E+04	-1.85164E+04
1.00000E+00	-2.97735E+04	-2.18911E+04
1.00000E+00	-3.24175E+04	-2.46599E+04
1.00000E+00	-2.97735E+04	-2.18911E+04
1.00000E+00	-3.24175E+04	-2.46599E+04
1.00000E+00	-3.44946E+04	-2.67632E+04
1.00000E+00	-3.59796E+04	-2.81300E+04
1.00000E+00	-3.68634E+04	-2.86641E+04
1.00000E+00	-3.59796E+04	-2.81300E+04
1.00000E+00	-3.68634E+04	-2.86641E+04
1.00000E+00	-3.71652E+04	-2.81779E+04
1.00000E+00	-3.69332E+04	-2.70831E+04
1.00000E+00	-3.60478E+04	-2.60999E+04
1.00000E+00	-3.69332E+04	-2.70831E+04
1.00000E+00	-3.60478E+04	-2.60999E+04
1.00000E+00	-3.44665E+04	-2.45644E+04
1.00000E+00	-3.22119E+04	-2.24136E+04
1.00000E+00	-2.93338E+04	-1.96667E+04
1.00000E+00	-3.22119E+04	-2.24136E+04
1.00000E+00	-2.93338E+04	-1.96667E+04
1.00000E+00	-2.59027E+04	-1.63840E+04
1.00000E+00	-2.20063E+04	-1.26529E+04
1.00000E+00	-1.77456E+04	-8.58261E+03
1.00000E+00	-7.66413E+03	1.46249E+02
1.00000E+00	-1.09489E+04	-2.90833E+03
1.00000E+00	-1.38369E+04	-5.60412E+03
1.00000E+00	-1.63386E+04	-7.94171E+03
1.00000E+00	-1.84597E+04	-9.92064E+03
1.00000E+00	-1.63386E+04	-7.94171E+03
1.00000E+00	-1.84597E+04	-9.92064E+03
1.00000E+00	-2.02039E+04	-1.15409E+04
1.00000E+00	-2.15735E+04	-1.28024E+04
1.00000E+00	-2.25700E+04	-1.37051E+04
1.00000E+00	-2.15735E+04	-1.28024E+04
1.00000E+00	-2.25700E+04	-1.37051E+04
1.00000E+00	-2.31941E+04	-1.42490E+04
1.00000E+00	-2.34461E+04	-1.44342E+04
1.00000E+00	-2.33258E+04	-1.42606E+04
1.00000E+00	-2.34461E+04	-1.44342E+04
1.00000E+00	-2.33258E+04	-1.42606E+04
1.00000E+00	-2.28323E+04	-1.37282E+04
1.00000E+00	-2.19642E+04	-1.28370E+04
1.00000E+00	-2.07193E+04	-1.15870E+04
1.00000E+00	-2.19642E+04	-1.28370E+04
1.00000E+00	-2.07193E+04	-1.15870E+04
1.00000E+00	-1.90937E+04	-9.97821E+03
1.00000E+00	-1.70817E+04	-8.01062E+03
1.00000E+00	-1.46729E+04	-5.68422E+03
1.00000E+00	3.41881E+03	1.33647E+04
1.00000E+00	7.42891E+02	1.07123E+04
1.00000E+00	-1.68028E+03	8.28476E+03
1.00000E+00	-3.86112E+03	6.08228E+03
1.00000E+00	-5.80548E+03	4.10479E+03
1.00000E+00	-3.86112E+03	6.08228E+03
1.00000E+00	-5.80548E+03	4.10479E+03
1.00000E+00	-7.51702E+03	2.35230E+03
1.00000E+00	-8.99805E+03	8.24815E+02
1.00000E+00	-1.02500E+04	-4.77672E+02
1.00000E+00	-8.99805E+03	8.24815E+02
1.00000E+00	-1.02500E+04	-4.77672E+02
1.00000E+00	-1.12737E+04	-1.55516E+03
1.00000E+00	-1.20694E+04	-2.40765E+03
1.00000E+00	-1.26368E+04	-3.03513E+03
1.00000E+00	-1.20694E+04	-2.40765E+03
1.00000E+00	-1.26368E+04	-3.03513E+03
1.00000E+00	-1.29751E+04	-3.43762E+03
1.00000E+00	-1.30830E+04	-3.61511E+03
1.00000E+00	-1.29580E+04	-3.56759E+03
1.00000E+00	-1.30830E+04	-3.61511E+03
1.00000E+00	-1.29580E+04	-3.56759E+03
1.00000E+00	-1.25965E+04	-3.29508E+03
1.00000E+00	-1.19927E+04	-2.79757E+03
1.00000E+00	-1.11362E+04	-2.07506E+03
1.00000E+00	-1.13836E+03	7.12697E+03
1.00000E+00	-1.57412E+03	7.24341E+03
1.00000E+00	-1.90662E+03	7.40974E+03
1.00000E+00	-2.15511E+03	7.62474E+03
1.00000E+00	-2.33474E+03	7.87417E+03
1.00000E+00	-2.15511E+03	7.62474E+03
1.00000E+00	-2.33474E+03	7.87417E+03
1.00000E+00	-2.45781E+03	8.14459E+03
1.00000E+00	-2.53469E+03	8.42473E+03
1.00000E+00	-2.57447E+03	8.70526E+03
1.00000E+00	-2.53469E+03	8.42473E+03
1.00000E+00	-2.57447E+03	8.70526E+03
1.00000E+00	-2.58543E+03	8.97765E+03
1.00000E+00	-2.57539E+03	9.23292E+03
1.00000E+00	-2.55198E+03	9.46041E+03
1.00000E+00	-2.57539E+03	9.23292E+03
1.00000E+00	-2.55198E+03	9.46041E+03
1.00000E+00	-2.53811E+03	9.57018E+03
1.00000E+00	-2.76124E+03	8.48616E+03
1.00000E+00	-3.41839E+03	7.40519E+03
1.00000E+00	-2.76124E+03	8.48616E+03
1.00000E+00	-3.41839E+03	7.40519E+03
1.00000E+00	-4.25892E+03	6.35933E+03
1.00000E+00	-5.23706E+03	5.17957E+03
1.00000E+00	-6.34001E+03	3.81961E+03
1.00000E+00	8.31116E+03	1.87830E+04
1.00000E+00	7.45705E+03	1.81763E+04
1.00000E+00	6.48285E+03	1.74043E+04
1.00000E+00	5.40927E+03	1.64990E+04
1.00000E+00	4.26084E+03	1.54884E+04
1.00000E+00	5.40927E+03	1.64990E+04
1.00000E+00	4.26084E+03	1.54884E+04
1.00000E+00	3.06512E+03	1.44048E+04
1.00000E+00	1.85147E+03	1.32828E+04
1.00000E+00	6.49988E+02	1.21564E+04
1.00000E+00	1.85147E+03	1.32828E+04
1.00000E+00	6.49988E+02	1.21564E+04
1.00000E+00	-5.08681E+02	1.10588E+04
1.00000E+00	-1.59338E+03	1.00236E+04
1.00000E+00	-2.57245E+03	9.08374E+03
1.00000E+00	-1.59338E+03	1.00236E+04
1.00000E+00	-2.57245E+03	9.08374E+03
1.00000E+00	-3.41377E+03	8.27222E+03
1.00000E+00	-4.08483E+03	7.62048E+03
1.00000E+00	-4.57264E+03	7.03856E+03
1.00000E+00	-4.08483E+03	7.62048E+03
1.00000E+00	-4.57264E+03	7.03856E+03
1.00000E+00	-5.07724E+03	6.10232E+03
1.00000E+00	-5.74664E+03	4.97909E+03
1.00000E+00	-6.61188E+03	3.66988E+03
1.00000E+00	1.08814E+04	2.10758E+04
1.00000E+00	1.13710E+04	2.16802E+04
1.00000E+00	1.17389E+04	2.21131E+04
1.00000E+00	1.19767E+04	2.23766E+04
1.00000E+00	1.20803E+04	2.24725E+04
1.00000E+00	1.19767E+04	2.23766E+04
1.00000E+00	1.20803E+04	2.24725E+04
1.00000E+00	1.20483E+04	2.24029E+04
1.00000E+00	1.18802E+04	2.21698E+04
1.00000E+00	1.15766E+04	2.17751E+04
1.00000E+00	1.18802E+04	2.21698E+04
1.00000E+00	1.15766E+04	2.17751E+04
1.00000E+00	1.11386E+04	2.12208E+04
1.00000E+00	1.05680E+04	2.05089E+04
1.00000E+00	9.86702E+03	1.96414E+04
1.00000E+00	1.05680E+04	2.05089E+04
1.00000E+00	9.86702E+03	1.96414E+04
1.00000E+00	9.03843E+03	1.86201E+04
1.00000E+00	8.08565E+03	1.74472E+04
1.00000E+00	7.01298E+03	1.61245E+04
1.00000E+00	8.08565E+03	1.74472E+04
1.00000E+00	7.01298E+03	1.61245E+04
1.00000E+00	5.82602E+03	1.46539E+04
1.00000E+00	4.53260E+03	1.30370E+04
1.00000E+00	3.14510E+03	1.12764E+04
1.00000E+00	-1.87557E+04	-1.01240E+04
1.00000E+00	-2.29165E+04	-1.45841E+04
1.00000E+00	-2.65956E+04	-1.85164E+04
1.00000E+00	-2.97735E+04	-2.18911E+04
1.00000E+00	-3.24175E+04	-2.46599E+04
1.00000E+00	-1.37520E+04	-3.34595E+03
1.00000E+00	-1.48380E+04	-4.89361E+03
1.00000E+00	-1.60764E+04	-6.47958E+03
1.00000E+00	-1.74191E+04	-8.21078E+03
1.00000E+00	-1.88398E+04	-8.99187E+03
1.00000E+00	-2.01220E+04	-1.07593E+04
1.00000E+00	-2.15231E+04	-1.25965E+04
1.00000E+00	-2.36803E+04	-1.44351E+04
1.00000E+00	-2.51373E+04	-1.64282E+04
1.00000E+00	-2.82453E+04	-1.96620E+04
1.00000E+00	-2.97735E+04	-2.18911E+04
1.00000E+00	-3.24175E+04	-2.46599E+04
1.00000E+00	-3.44946E+04	-2.67632E+04
1.00000E+00	-3.59796E+04	-2.81300E+04
1.00000E+00	-3.68634E+04	-2.86641E+04
1.00000E+00	-2.50576E+04	-1.32823E+04
1.00000E+00	-2.56085E+04	-1.43558E+04
1.00000E+00	-2.67498E+04	-1.74110E+04
1.00000E+00	-2.82453E+04	-1.96620E+04
1.00000E+00	-2.84953E+04	-1.69964E+04
1.00000E+00	-2.93519E+04	-1.94587E+04
1.00000E+00	-3.08244E+04	-2.22253E+04
1.00000E+00	-3.15903E+04	-2.05848E+04
1.00000E+00	-3.28630E+04	-2.40026E+04
1.00000E+00	-3.43832E+04	-2.47428E+04
1.00000E+00	-3.59796E+04	-2.81300E+04
1.00000E+00	-3.68634E+04	-2.86641E+04
1.00000E+00	-3.71652E+04	-2.81779E+04
1.00000E+00	-3.69332E+04	-2.70831E+04
1.00000E+00	-3.60478E+04	-2.60999E+04
1.00000E+00	-3.13716E+04	-2.01529E+04
1.00000E+00	-3.23590E+04	-2.11180E+04
1.00000E+00	-3.33082E+04	-2.22109E+04
1.00000E+00	-3.43832E+04	-2.47428E+04
1.00000E+00	-3.32190E+04	-2.21639E+04
1.00000E+00	-3.43390E+04	-2.33426E+04
1.00000E+00	-3.54519E+04	-2.49026E+04
1.00000E+00	-3.46429E+04	-2.38031E+04
1.00000E+00	-3.58921E+04	-2.52786E+04
1.00000E+00	-3.56184E+04	-2.50888E+04
1.00000E+00	-3.69332E+04	-2.70831E+04
1.00000E+00	-3.60478E+04	-2.60999E+04
1.00000E+00	-3.44665E+04	-2.45644E+04
1.00000E+00	-3.22119E+04	-2.24136E+04
1.00000E+00	-2.93338E+04	-1.96667E+04
1.00000E+00	-3.12899E+04	-2.06939E+04
1.00000E+00	-3.27698E+04	-2.20976E+04
1.00000E+00	-3.42180E+04	-2.35502E+04
1.00000E+00	-3.56184E+04	-2.50888E+04
1.00000E+00	-3.15091E+04	-2.10348E+04
1.00000E+00	-3.30863E+04	-2.25956E+04
1.00000E+00	-3.46250E+04	-2.42305E+04
1.00000E+00	-3.12883E+04	-2.09794E+04
1.00000E+00	-3.29367E+04	-2.26961E+04
1.00000E+00	-3.06001E+04	-2.05224E+04
1.00000E+00	-3.22119E+04	-2.24136E+04
1.00000E+00	-2.93338E+04	-1.96667E+04
1.00000E+00	-2.59027E+04	-1.63840E+04
1.00000E+00	-2.20063E+04	-1.26529E+04
1.00000E+00	-1.77456E+04	-8.58261E+03
1.00000E+00	-2.54477E+04	-1.55675E+04
1.00000E+00	-2.71569E+04	-1.71086E+04
1.00000E+00	-2.88807E+04	-1.87615E+04
1.00000E+00	-3.06001E+04	-2.05224E+04
1.00000E+00	-2.42048E+04	-1.44003E+04
1.00000E+00	-2.59355E+04	-1.60196E+04
1.00000E+00	-2.76796E+04	-1.77739E+04
1.00000E+00	-2.25373E+04	-1.28485E+04
1.00000E+00	-2.42554E+04	-1.45353E+04
1.00000E+00	-2.04206E+04	-1.09100E+04
1.00000E+00	-1.14904E+04	-7.20681E+02
1.00000E+00	-1.49115E+04	-4.37178E+03
1.00000E+00	-1.76408E+04	-7.36537E+03
1.00000E+00	-1.96736E+04	-9.69032E+03
1.00000E+00	-2.10136E+04	-1.13529E+04
1.00000E+00	-9.46101E+03	-4.55179E+02
1.00000E+00	-1.01026E+04	-5.99330E+02
1.00000E+00	-1.06434E+04	-6.79929E+02
1.00000E+00	-1.11018E+04	-7.15556E+02
1.00000E+00	-1.29404E+04	-3.71848E+03
1.00000E+00	-1.36883E+04	-3.98694E+03
1.00000E+00	-1.43397E+04	-4.19897E+03
1.00000E+00	-1.60207E+04	-6.62349E+03
1.00000E+00	-1.68762E+04	-7.01785E+03
1.00000E+00	-1.87105E+04	-9.16879E+03
1.00000E+00	-1.23258E+04	-6.48611E+02
1.00000E+00	-1.62486E+04	-4.76379E+03
1.00000E+00	-1.95182E+04	-8.25417E+03
1.00000E+00	-2.21090E+04	-1.10852E+04
1.00000E+00	-2.40068E+04	-1.32392E+04
1.00000E+00	-1.11018E+04	-7.15556E+02
1.00000E+00	-1.14904E+04	-7.20681E+02
1.00000E+00	-1.18191E+04	-7.06156E+02
1.00000E+00	-1.20954E+04	-6.79978E+02
1.00000E+00	-1.49115E+04	-4.37178E+03
1.00000E+00	-1.54151E+04	-4.51798E+03
1.00000E+00	-1.58586E+04	-4.64651E+03
1.00000E+00	-1.83299E+04	-7.68092E+03
1.00000E+00	-1.89535E+04	-7.97486E+03
1.00000E+00	-2.13617E+04	-1.06385E+04
1.00000E+00	-1.28006E+04	-6.15114E+02
1.00000E+00	-1.71439E+04	-5.10530E+03
1.00000E+00	-2.09036E+04	-9.05356E+03
1.00000E+00	-2.40249E+04	-1.23791E+04
1.00000E+00	-2.64696E+04	-1.50382E+04
1.00000E+00	-1.20954E+04	-6.79978E+02
1.00000E+00	-1.23258E+04	-6.48611E+02
1.00000E+00	-1.25160E+04	-6.18488E+02
1.00000E+00	-1.26713E+04	-5.97109E+02
1.00000E+00	-1.62486E+04	-4.76379E+03
1.00000E+00	-1.65899E+04	-4.87520E+03
1.00000E+00	-1.68871E+04	-4.98655E+03
1.00000E+00	-2.00292E+04	-8.52390E+03
1.00000E+00	-2.04900E+04	-8.78861E+03
1.00000E+00	-2.34377E+04	-1.19516E+04
1.00000E+00	-1.48380E+04	-4.89361E+03
1.00000E+00	-1.88398E+04	-8.99187E+03
1.00000E+00	-2.23949E+04	-1.23179E+04
1.00000E+00	-2.56085E+04	-1.43558E+04
1.00000E+00	-2.84953E+04	-1.69964E+04
1.00000E+00	-1.26713E+04	-5.97109E+02
1.00000E+00	-1.28006E+04	-6.15114E+02
1.00000E+00	-1.29961E+04	-1.16658E+03
1.00000E+00	-1.37520E+04	-3.34595E+03
1.00000E+00	-1.71439E+04	-5.10530E+03
1.00000E+00	-1.73788E+04	-5.31725E+03
1.00000E+00	-1.78001E+04	-6.92727E+03
1.00000E+00	-2.12732E+04	-9.33144E+03
1.00000E+00	-2.16425E+04	-9.84731E+03
1.00000E+00	-2.50576E+04	-1.32823E+04
1.00000E+00	-2.21090E+04	-1.10852E+04
1.00000E+00	-2.40068E+04	-1.32392E+04
1.00000E+00	-2.52116E+04	-1.47157E+04
1.00000E+00	-2.57372E+04	-1.55311E+04
1.00000E+00	-2.56091E+04	-1.57192E+04
1.00000E+00	-1.87105E+04	-9.16879E+03
1.00000E+00	-1.96736E+04	-9.69032E+03
1.00000E+00	-2.05527E+04	-1.01762E+04
1.00000E+00	-2.13617E+04	-1.06385E+04
1.00000E+00	-2.10136E+04	-1.13529E+04
1.00000E+00	-2.20830E+04	-1.20020E+04
1.00000E+00	-2.30767E+04	-1.26277E+04
1.00000E+00	-2.29312E+04	-1.31741E+04
1.00000E+00	-2.41047E+04	-1.39500E+04
1.00000E+00	-2.44634E+04	-1.46303E+04
1.00000E+00	-2.40249E+04	-1.23791E+04
1.00000E+00	-2.64696E+04	-1.50382E+04
1.00000E+00	-2.82144E+04	-1.70051E+04
1.00000E+00	-2.92514E+04	-1.82711E+04
1.00000E+00	-2.95884E+04	-1.88450E+04
1.00000E+00	-2.13617E+04	-1.06385E+04
1.00000E+00	-2.21090E+04	-1.10852E+04
1.00000E+00	-2.27998E+04	-1.15216E+04
1.00000E+00	-2.34377E+04	-1.19516E+04
1.00000E+00	-2.40068E+04	-1.32392E+04
1.00000E+00	-2.48801E+04	-1.38425E+04
1.00000E+00	-2.57004E+04	-1.44412E+04
1.00000E+00	-2.62626E+04	-1.54778E+04
1.00000E+00	-2.72628E+04	-1.62401E+04
1.00000E+00	-2.81250E+04	-1.73483E+04
1.00000E+00	-2.56085E+04	-1.43558E+04
1.00000E+00	-2.84953E+04	-1.69964E+04
1.00000E+00	-3.07740E+04	-1.93648E+04
1.00000E+00	-3.23590E+04	-2.11180E+04
1.00000E+00	-3.32190E+04	-2.21639E+04
1.00000E+00	-2.34377E+04	-1.19516E+04
1.00000E+00	-2.40249E+04	-1.23791E+04
1.00000E+00	-2.45626E+04	-1.28088E+04
1.00000E+00	-2.50576E+04	-1.32823E+04
1.00000E+00	-2.64696E+04	-1.50382E+04
1.00000E+00	-2.71883E+04	-1.56368E+04
1.00000E+00	-2.78559E+04	-1.62442E+04
1.00000E+00	-2.91175E+04	-1.77748E+04
1.00000E+00	-2.99705E+04	-1.85522E+04
1.00000E+00	-3.13716E+04	-2.01529E+04
1.00000E+00	-2.92514E+04	-1.82711E+04
1.00000E+00	-2.95884E+04	-1.88450E+04
1.00000E+00	-2.92489E+04	-1.87525E+04
1.00000E+00	-2.82708E+04	-1.80367E+04
1.00000E+00	-2.67049E+04	-1.67577E+04
1.00000E+00	-2.44634E+04	-1.46303E+04
1.00000E+00	-2.57372E+04	-1.55311E+04
1.00000E+00	-2.69547E+04	-1.64357E+04
1.00000E+00	-2.81250E+04	-1.73483E+04
1.00000E+00	-2.56091E+04	-1.57192E+04
1.00000E+00	-2.69780E+04	-1.67417E+04
1.00000E+00	-2.83021E+04	-1.77829E+04
1.00000E+00	-2.63664E+04	-1.64385E+04
1.00000E+00	-2.78240E+04	-1.75781E+04
1.00000E+00	-2.67328E+04	-1.67855E+04
1.00000E+00	-3.23590E+04	-2.11180E+04
1.00000E+00	-3.32190E+04	-2.21639E+04
1.00000E+00	-3.33506E+04	-2.24854E+04
1.00000E+00	-3.27698E+04	-2.20976E+04
1.00000E+00	-3.15091E+04	-2.10348E+04
1.00000E+00	-2.81250E+04	-1.73483E+04
1.00000E+00	-2.92514E+04	-1.82711E+04
1.00000E+00	-3.03343E+04	-1.92055E+04
1.00000E+00	-3.13716E+04	-2.01529E+04
1.00000E+00	-2.95884E+04	-1.88450E+04
1.00000E+00	-3.08385E+04	-1.99288E+04
1.00000E+00	-3.20504E+04	-2.10348E+04
1.00000E+00	-3.06461E+04	-1.99621E+04
1.00000E+00	-3.20151E+04	-2.12065E+04
1.00000E+00	-3.12899E+04	-2.06939E+04
1.00000E+00	-3.27698E+04	-2.20976E+04
1.00000E+00	-3.15091E+04	-2.10348E+04
1.00000E+00	-2.96170E+04	-1.93488E+04
1.00000E+00	-2.71569E+04	-1.71086E+04
1.00000E+00	-2.42048E+04	-1.44003E+04
1.00000E+00	-2.67328E+04	-1.67855E+04
1.00000E+00	-2.82708E+04	-1.80367E+04
1.00000E+00	-2.97890E+04	-1.93398E+04
1.00000E+00	-3.12899E+04	-2.06939E+04
1.00000E+00	-2.67049E+04	-1.67577E+04
1.00000E+00	-2.83134E+04	-1.81136E+04
1.00000E+00	-2.99149E+04	-1.95401E+04
1.00000E+00	-2.62784E+04	-1.63525E+04
1.00000E+00	-2.79450E+04	-1.78054E+04
1.00000E+00	-2.54477E+04	-1.55675E+04
1.00000E+00	-1.87557E+04	-1.01240E+04
1.00000E+00	-2.29165E+04	-1.45841E+04
1.00000E+00	-2.65956E+04	-1.85164E+04
1.00000E+00	-2.97735E+04	-2.18911E+04
1.00000E+00	-3.24175E+04	-2.46599E+04
1.00000E+00	-1.30387E+04	-1.83240E+03
1.00000E+00	-1.43822E+04	-4.18704E+03
1.00000E+00	-1.58667E+04	-6.21814E+03
1.00000E+00	-1.73781E+04	-8.18898E+03
1.00000E+00	-1.79932E+04	-7.74231E+03
1.00000E+00	-1.96913E+04	-1.02489E+04
1.00000E+00	-2.14008E+04	-1.24893E+04
1.00000E+00	-2.30692E+04	-1.36694E+04
1.00000E+00	-2.49452E+04	-1.62353E+04
1.00000E+00	-2.79977E+04	-1.93846E+04
1.00000E+00	-2.97735E+04	-2.18911E+04
1.00000E+00	-3.24175E+04	-2.46599E+04
1.00000E+00	-3.44946E+04	-2.67632E+04
1.00000E+00	-3.59796E+04	-2.81300E+04
1.00000E+00	-3.68634E+04	-2.86641E+04
1.00000E+00	-2.24352E+04	-1.09187E+04
1.00000E+00	-2.42480E+04	-1.29148E+04
1.00000E+00	-2.60054E+04	-1.63652E+04
1.00000E+00	-2.79977E+04	-1.93846E+04
1.00000E+00	-2.67165E+04	-1.53965E+04
1.00000E+00	-2.85267E+04	-1.80143E+04
1.00000E+00	-3.05358E+04	-2.18621E+04
1.00000E+00	-3.06316E+04	-1.96667E+04
1.00000E+00	-3.25453E+04	-2.35464E+04
1.00000E+00	-3.40420E+04	-2.41714E+04
1.00000E+00	-3.59796E+04	-2.81300E+04
1.00000E+00	-3.68634E+04	-2.86641E+04
1.00000E+00	-3.71652E+04	-2.81779E+04
1.00000E+00	-3.69332E+04	-2.70831E+04
1.00000E+00	-3.60478E+04	-2.60999E+04
1.00000E+00	-2.70825E+04	-1.59757E+04
1.00000E+00	-2.97893E+04	-1.87002E+04
1.00000E+00	-3.21190E+04	-2.11527E+04
1.00000E+00	-3.40420E+04	-2.41714E+04
1.00000E+00	-3.03115E+04	-1.93666E+04
1.00000E+00	-3.29166E+04	-2.20434E+04
1.00000E+00	-3.50420E+04	-2.45402E+04
1.00000E+00	-3.29967E+04	-2.22520E+04
1.00000E+00	-3.53742E+04	-2.48339E+04
1.00000E+00	-3.49853E+04	-2.45192E+04
1.00000E+00	-3.69332E+04	-2.70831E+04
1.00000E+00	-3.60478E+04	-2.60999E+04
1.00000E+00	-3.44665E+04	-2.45644E+04
1.00000E+00	-3.22119E+04	-2.24136E+04
1.00000E+00	-2.93338E+04	-1.96667E+04
1.00000E+00	-2.59489E+04	-1.53288E+04
1.00000E+00	-2.92780E+04	-1.86421E+04
1.00000E+00	-3.23571E+04	-2.17554E+04
1.00000E+00	-3.49853E+04	-2.45192E+04
1.00000E+00	-2.77548E+04	-1.72841E+04
1.00000E+00	-3.10153E+04	-2.05648E+04
1.00000E+00	-3.38732E+04	-2.35256E+04
1.00000E+00	-2.90064E+04	-1.87144E+04
1.00000E+00	-3.20622E+04	-2.18523E+04
1.00000E+00	-2.95964E+04	-1.95357E+04
1.00000E+00	-3.22119E+04	-2.24136E+04
1.00000E+00	-2.93338E+04	-1.96667E+04
1.00000E+00	-2.59027E+04	-1.63840E+04
1.00000E+00	-2.20063E+04	-1.26529E+04
1.00000E+00	-1.77456E+04	-8.58261E+03
1.00000E+00	-1.93871E+04	-9.37593E+03
1.00000E+00	-2.28972E+04	-1.27940E+04
1.00000E+00	-2.63817E+04	-1.62582E+04
1.00000E+00	-2.95964E+04	-1.95357E+04
1.00000E+00	-1.96861E+04	-9.80126E+03
1.00000E+00	-2.32078E+04	-1.32681E+04
1.00000E+00	-2.65378E+04	-1.66371E+04
1.00000E+00	-1.95639E+04	-9.83350E+03
1.00000E+00	-2.29636E+04	-1.32380E+04
1.00000E+00	-1.89641E+04	-9.43863E+03
1.00000E+00	-8.81348E+02	1.05761E+04
1.00000E+00	-2.31338E+03	9.00878E+03
1.00000E+00	-3.75996E+03	7.38157E+03
1.00000E+00	-5.18508E+03	5.73495E+03
1.00000E+00	-6.56102E+03	4.09216E+03
1.00000E+00	3.24504E+03	1.39955E+04
1.00000E+00	2.64369E+03	1.36326E+04
1.00000E+00	1.72153E+03	1.29006E+04
1.00000E+00	5.28383E+02	1.18612E+04
1.00000E+00	7.49680E+02	1.15090E+04
1.00000E+00	1.00741E+02	1.10919E+04
1.00000E+00	-9.41719E+02	1.02331E+04
1.00000E+00	-1.73308E+03	9.00680E+03
1.00000E+00	-2.52250E+03	8.44222E+03
1.00000E+00	-4.17942E+03	6.52317E+03
1.00000E+00	-5.83629E+03	5.86796E+03
1.00000E+00	-7.70368E+03	3.90701E+03
1.00000E+00	-9.35165E+03	2.13053E+03
1.00000E+00	-1.07304E+04	5.96927E+02
1.00000E+00	-1.18023E+04	-6.52672E+02
1.00000E+00	5.28383E+02	1.18612E+04
1.00000E+00	-8.81348E+02	1.05761E+04
1.00000E+00	-2.45093E+03	9.10750E+03
1.00000E+00	-4.12225E+03	7.51746E+03
1.00000E+00	-2.31338E+03	9.00878E+03
1.00000E+00	-3.94532E+03	7.49542E+03
1.00000E+00	-5.76630E+03	5.76937E+03
1.00000E+00	-5.36666E+03	5.91558E+03
1.00000E+00	-7.25915E+03	4.13499E+03
1.00000E+00	-8.55624E+03	2.66673E+03
1.00000E+00	-1.06334E+04	1.18139E+03
1.00000E+00	-1.34734E+04	-1.73447E+03
1.00000E+00	-1.59511E+04	-4.31861E+03
1.00000E+00	-1.79998E+04	-6.49392E+03
1.00000E+00	-1.95654E+04	-8.20120E+03
1.00000E+00	-4.12225E+03	7.51746E+03
1.00000E+00	-5.83629E+03	5.86796E+03
1.00000E+00	-7.53325E+03	4.22102E+03
1.00000E+00	-9.15262E+03	2.63862E+03
1.00000E+00	-7.70368E+03	3.90701E+03
1.00000E+00	-9.68380E+03	1.98470E+03
1.00000E+00	-1.16321E+04	7.88265E+01
1.00000E+00	-1.15569E+04	-7.03925E+00
1.00000E+00	-1.37865E+04	-2.18699E+03
1.00000E+00	-1.55548E+04	-4.08850E+03
1.00000E+00	-1.43822E+04	-4.18704E+03
1.00000E+00	-1.79932E+04	-7.74231E+03
1.00000E+00	-2.12718E+04	-1.03444E+04
1.00000E+00	-2.42480E+04	-1.29148E+04
1.00000E+00	-2.67165E+04	-1.53965E+04
1.00000E+00	-9.15262E+03	2.63862E+03
1.00000E+00	-1.06334E+04	1.18139E+03
1.00000E+00	-1.19204E+04	-1.23004E+02
1.00000E+00	-1.30387E+04	-1.83240E+03
1.00000E+00	-1.34734E+04	-1.73447E+03
1.00000E+00	-1.51331E+04	-3.38840E+03
1.00000E+00	-1.65620E+04	-4.95155E+03
1.00000E+00	-1.79605E+04	-6.31324E+03
1.00000E+00	-1.97321E+04	-8.12604E+03
1.00000E+00	-2.24352E+04	-1.09187E+04
1.00000E+00	-1.07304E+04	5.96927E+02
1.00000E+00	-1.18023E+04	-6.52672E+02
1.00000E+00	-1.25433E+04	-1.59436E+03
1.00000E+00	-1.29435E+04	-2.22149E+03
1.00000E+00	-1.30047E+04	-2.54466E+03
1.00000E+00	-4.17942E+03	6.52317E+03
1.00000E+00	-5.18508E+03	5.73495E+03
1.00000E+00	-6.67513E+03	4.41444E+03
1.00000E+00	-8.55624E+03	2.66673E+03
1.00000E+00	-6.56102E+03	4.09216E+03
1.00000E+00	-7.84153E+03	3.02120E+03
1.00000E+00	-9.62458E+03	1.39976E+03
1.00000E+00	-8.84725E+03	1.74783E+03
1.00000E+00	-1.04441E+04	3.52026E+02
1.00000E+00	-1.10061E+04	-4.75794E+02
1.00000E+00	-1.79998E+04	-6.49392E+03
1.00000E+00	-1.95654E+04	-8.20120E+03
1.00000E+00	-2.06087E+04	-9.39863E+03
1.00000E+00	-2.11059E+04	-1.00617E+04
1.00000E+00	-2.10488E+04	-1.01830E+04
1.00000E+00	-8.55624E+03	2.66673E+03
1.00000E+00	-1.07304E+04	5.96927E+02
1.00000E+00	-1.30973E+04	-1.68985E+03
1.00000E+00	-1.55548E+04	-4.08850E+03
1.00000E+00	-1.18023E+04	-6.52672E+02
1.00000E+00	-1.42620E+04	-3.01663E+03
1.00000E+00	-1.68887E+04	-5.57263E+03
1.00000E+00	-1.50225E+04	-3.95750E+03
1.00000E+00	-1.77543E+04	-6.60353E+03
1.00000E+00	-1.81331E+04	-7.16264E+03
1.00000E+00	-2.42480E+04	-1.29148E+04
1.00000E+00	-2.67165E+04	-1.53965E+04
1.00000E+00	-2.85814E+04	-1.73609E+04
1.00000E+00	-2.97893E+04	-1.87002E+04
1.00000E+00	-3.03115E+04	-1.93666E+04
1.00000E+00	-1.55548E+04	-4.08850E+03
1.00000E+00	-1.79998E+04	-6.49392E+03
1.00000E+00	-2.03277E+04	-8.80136E+03
1.00000E+00	-2.24352E+04	-1.09187E+04
1.00000E+00	-1.95654E+04	-8.20120E+03
1.00000E+00	-2.21738E+04	-1.07829E+04
1.00000E+00	-2.45945E+04	-1.32016E+04
1.00000E+00	-2.34538E+04	-1.22089E+04
1.00000E+00	-2.61556E+04	-1.49014E+04
1.00000E+00	-2.70825E+04	-1.59757E+04
1.00000E+00	-2.11059E+04	-1.00617E+04
1.00000E+00	-2.10488E+04	-1.01830E+04
1.00000E+00	-2.04450E+04	-9.77251E+03
1.00000E+00	-1.93165E+04	-8.85745E+03
1.00000E+00	-1.76981E+04	-7.48221E+03
1.00000E+00	-1.10061E+04	-4.75794E+02
1.00000E+00	-1.29435E+04	-2.22149E+03
1.00000E+00	-1.53648E+04	-4.49985E+03
1.00000E+00	-1.81331E+04	-7.16264E+03
1.00000E+00	-1.30047E+04	-2.54466E+03
1.00000E+00	-1.52895E+04	-4.64829E+03
1.00000E+00	-1.80216E+04	-7.24859E+03
1.00000E+00	-1.48093E+04	-4.42471E+03
1.00000E+00	-1.74312E+04	-6.87730E+03
1.00000E+00	-1.63855E+04	-6.08191E+03
1.00000E+00	-2.97893E+04	-1.87002E+04
1.00000E+00	-3.03115E+04	-1.93666E+04
1.00000E+00	-3.01383E+04	-1.93449E+04
1.00000E+00	-2.92780E+04	-1.86421E+04
1.00000E+00	-2.77548E+04	-1.72841E+04
1.00000E+00	-1.81331E+04	-7.16264E+03
1.00000E+00	-2.11059E+04	-1.00617E+04
1.00000E+00	-2.41382E+04	-1.30487E+04
1.00000E+00	-2.70825E+04	-1.59757E+04
1.00000E+00	-2.10488E+04	-1.01830E+04
1.00000E+00	-2.42138E+04	-1.32889E+04
1.00000E+00	-2.73560E+04	-1.64037E+04
1.00000E+00	-2.36834E+04	-1.29334E+04
1.00000E+00	-2.69736E+04	-1.61830E+04
1.00000E+00	-2.59489E+04	-1.53288E+04
1.00000E+00	-2.92780E+04	-1.86421E+04
1.00000E+00	-2.77548E+04	-1.72841E+04
1.00000E+00	-2.56095E+04	-1.53144E+04
1.00000E+00	-2.28972E+04	-1.27940E+04
1.00000E+00	-1.96861E+04	-9.80126E+03
1.00000E+00	-1.63855E+04	-6.08191E+03
1.00000E+00	-1.93165E+04	-8.85745E+03
1.00000E+00	-2.25652E+04	-1.20035E+04
1.00000E+00	-2.59489E+04	-1.53288E+04
1.00000E+00	-1.76981E+04	-7.48221E+03
1.00000E+00	-2.08926E+04	-1.05377E+04
1.00000E+00	-2.43113E+04	-1.38735E+04
1.00000E+00	-1.87112E+04	-8.59157E+03
1.00000E+00	-2.21050E+04	-1.18669E+04
1.00000E+00	-1.93871E+04	-9.37593E+03
1.00000E+00	-7.66413E+03	1.46249E+02
1.00000E+00	-1.09489E+04	-2.90833E+03
1.00000E+00	-1.38369E+04	-5.60412E+03
1.00000E+00	-1.63386E+04	-7.94171E+03
1.00000E+00	-1.84597E+04	-9.92064E+03
1.00000E+00	-2.06970E+03	7.40610E+03
1.00000E+00	-3.37126E+03	5.80815E+03
1.00000E+00	-4.76787E+03	4.06434E+03
1.00000E+00	-6.23520E+03	2.17618E+03
1.00000E+00	-6.64012E+03	2.72999E+03
1.00000E+00	-8.04157E+03	9.94917E+02
1.00000E+00	-9.51420E+03	-8.85032E+02
1.00000E+00	-1.09181E+04	-1.71651E+03
1.00000E+00	-1.23963E+04	-3.58837E+03
1.00000E+00	-1.48917E+04	-5.93339E+03
1.00000E+00	-1.63386E+04	-7.94171E+03
1.00000E+00	-1.84597E+04	-9.92064E+03
1.00000E+00	-2.02039E+04	-1.15409E+04
1.00000E+00	-2.15735E+04	-1.28024E+04
1.00000E+00	-2.25700E+04	-1.37051E+04
1.00000E+00	-1.06797E+04	-7.85158E+02
1.00000E+00	-1.19958E+04	-2.35316E+03
1.00000E+00	-1.34078E+04	-4.06989E+03
1.00000E+00	-1.48917E+04	-5.93339E+03
1.00000E+00	-1.40984E+04	-4.35808E+03
1.00000E+00	-1.55164E+04	-6.06518E+03
1.00000E+00	-1.70064E+04	-7.92002E+03
1.00000E+00	-1.72472E+04	-7.70238E+03
1.00000E+00	-1.87438E+04	-9.54825E+03
1.00000E+00	-2.01062E+04	-1.08180E+04
1.00000E+00	-2.15735E+04	-1.28024E+04
1.00000E+00	-2.25700E+04	-1.37051E+04
1.00000E+00	-2.31941E+04	-1.42490E+04
1.00000E+00	-2.34461E+04	-1.44342E+04
1.00000E+00	-2.33258E+04	-1.42606E+04
1.00000E+00	-1.58338E+04	-5.75938E+03
1.00000E+00	-1.71703E+04	-7.29459E+03
1.00000E+00	-1.86023E+04	-8.98147E+03
1.00000E+00	-2.01062E+04	-1.08180E+04
1.00000E+00	-1.81424E+04	-8.22614E+03
1.00000E+00	-1.95828E+04	-9.90243E+03
1.00000E+00	-2.10948E+04	-1.17294E+04
1.00000E+00	-2.01891E+04	-1.04653E+04
1.00000E+00	-2.17102E+04	-1.22823E+04
1.00000E+00	-2.19524E+04	-1.24768E+04
1.00000E+00	-2.34461E+04	-1.44342E+04
1.00000E+00	-2.33258E+04	-1.42606E+04
1.00000E+00	-2.28323E+04	-1.37282E+04
1.00000E+00	-2.19642E+04	-1.28370E+04
1.00000E+00	-2.07193E+04	-1.15870E+04
1.00000E+00	-1.75882E+04	-7.51636E+03
1.00000E+00	-1.89588E+04	-9.01585E+03
1.00000E+00	-2.04209E+04	-1.06700E+04
1.00000E+00	-2.19524E+04	-1.24768E+04
1.00000E+00	-1.88004E+04	-8.87399E+03
1.00000E+00	-2.02769E+04	-1.05165E+04
1.00000E+00	-2.18209E+04	-1.23127E+04
1.00000E+00	-1.97552E+04	-1.00050E+04
1.00000E+00	-2.13143E+04	-1.17903E+04
1.00000E+00	-2.04305E+04	-1.09093E+04
1.00000E+00	-2.19642E+04	-1.28370E+04
1.00000E+00	-2.07193E+04	-1.15870E+04
1.00000E+00	-1.90937E+04	-9.97821E+03
1.00000E+00	-1.70817E+04	-8.01062E+03
1.00000E+00	-1.46729E+04	-5.68422E+03
1.00000E+00	-1.58867E+04	-6.05603E+03
1.00000E+00	-1.73331E+04	-7.51685E+03
1.00000E+00	-1.88524E+04	-9.13528E+03
1.00000E+00	-2.04305E+04	-1.09093E+04
1.00000E+00	-1.60084E+04	-6.30157E+03
1.00000E+00	-1.75626E+04	-7.90743E+03
1.00000E+00	-1.91658E+04	-9.66990E+03
1.00000E+00	-1.58757E+04	-6.32145E+03
1.00000E+00	-1.75145E+04	-8.07202E+03
1.00000E+00	-1.54663E+04	-6.11566E+03
1.00000E+00	4.04063E+03	1.47045E+04
1.00000E+00	8.17109E+02	1.15041E+04
1.00000E+00	-1.99576E+03	8.65860E+03
1.00000E+00	-4.40245E+03	6.16789E+03
1.00000E+00	-6.39849E+03	4.03203E+03
1.00000E+00	3.99985E+03	1.44919E+04
1.00000E+00	4.19537E+03	1.47973E+04
1.00000E+00	4.27210E+03	1.49332E+04
1.00000E+00	4.22177E+03	1.49016E+04
1.00000E+00	1.02781E+03	1.15384E+04
1.00000E+00	1.07751E+03	1.16948E+04
1.00000E+00	1.01001E+03	1.16827E+04
1.00000E+00	-1.68984E+03	8.81064E+03
1.00000E+00	-1.78504E+03	8.81837E+03
1.00000E+00	-4.16337E+03	6.30850E+03
1.00000E+00	2.70433E+03	1.31399E+04
1.00000E+00	-5.39444E+02	9.98906E+03
1.00000E+00	-3.38107E+03	7.19407E+03
1.00000E+00	-5.82916E+03	4.75491E+03
1.00000E+00	-7.88710E+03	2.67158E+03
1.00000E+00	4.22177E+03	1.49016E+04
1.00000E+00	4.04063E+03	1.47045E+04
1.00000E+00	3.72724E+03	1.43439E+04
1.00000E+00	3.28151E+03	1.38217E+04
1.00000E+00	8.17109E+02	1.15041E+04
1.00000E+00	4.95200E+02	1.11610E+04
1.00000E+00	4.29782E+01	1.06553E+04
1.00000E+00	-2.33009E+03	8.33330E+03
1.00000E+00	-2.79149E+03	7.84447E+03
1.00000E+00	-5.22974E+03	5.38912E+03
1.00000E+00	2.03888E+02	1.01567E+04
1.00000E+00	-3.05239E+03	7.04659E+03
1.00000E+00	-5.90981E+03	4.29328E+03
1.00000E+00	-8.37808E+03	1.89677E+03
1.00000E+00	-1.04622E+04	-1.42923E+02
1.00000E+00	3.28151E+03	1.38217E+04
1.00000E+00	2.70433E+03	1.31399E+04
1.00000E+00	1.99732E+03	1.23005E+04
1.00000E+00	1.16281E+03	1.13054E+04
1.00000E+00	-5.39444E+02	9.98906E+03
1.00000E+00	-1.25094E+03	9.16420E+03
1.00000E+00	-2.08953E+03	8.18272E+03
1.00000E+00	-4.09847E+03	6.38409E+03
1.00000E+00	-4.94221E+03	5.41650E+03
1.00000E+00	-7.40468E+03	3.00676E+03
1.00000E+00	-3.37126E+03	5.80815E+03
1.00000E+00	-6.64012E+03	2.72999E+03
1.00000E+00	-9.51157E+03	9.53987E+00
1.00000E+00	-1.19958E+04	-2.35316E+03
1.00000E+00	-1.40984E+04	-4.35808E+03
1.00000E+00	1.16281E+03	1.13054E+04
1.00000E+00	2.03888E+02	1.01567E+04
1.00000E+00	-8.75416E+02	8.85626E+03
1.00000E+00	-2.06970E+03	7.40610E+03
1.00000E+00	-3.05239E+03	7.04659E+03
1.00000E+00	-4.13567E+03	5.75778E+03
1.00000E+00	-5.33410E+03	4.31826E+03
1.00000E+00	-6.99767E+03	3.01640E+03
1.00000E+00	-8.20074E+03	1.58783E+03
1.00000E+00	-1.06797E+04	-7.85158E+02
1.00000E+00	-5.82916E+03	4.75491E+03
1.00000E+00	-7.88710E+03	2.67158E+03
1.00000E+00	-9.55491E+03	9.44074E+02
1.00000E+00	-1.08292E+04	-4.27601E+02
1.00000E+00	-1.17013E+04	-1.44345E+03
1.00000E+00	-4.16337E+03	6.30850E+03
1.00000E+00	-4.40245E+03	6.16789E+03
1.00000E+00	-4.75526E+03	5.86077E+03
1.00000E+00	-5.22974E+03	5.38912E+03
1.00000E+00	-6.39849E+03	4.03203E+03
1.00000E+00	-6.78033E+03	3.74340E+03
1.00000E+00	-7.27395E+03	3.28926E+03
1.00000E+00	-8.39864E+03	1.98121E+03
1.00000E+00	-8.92195E+03	1.54491E+03
1.00000E+00	-1.01659E+04	1.56051E+02
1.00000E+00	-8.37808E+03	1.89677E+03
1.00000E+00	-1.04622E+04	-1.42923E+02
1.00000E+00	-1.21647E+04	-1.82581E+03
1.00000E+00	-1.34863E+04	-3.15188E+03
1.00000E+00	-1.44263E+04	-4.12113E+03
1.00000E+00	-5.22974E+03	5.38912E+03
1.00000E+00	-5.82916E+03	4.75491E+03
1.00000E+00	-6.55438E+03	3.96013E+03
1.00000E+00	-7.40468E+03	3.00676E+03
1.00000E+00	-7.88710E+03	2.67158E+03
1.00000E+00	-8.62282E+03	1.89233E+03
1.00000E+00	-9.48160E+03	9.53508E+02
1.00000E+00	-1.03050E+04	1.80691E+02
1.00000E+00	-1.11750E+04	-7.43263E+02
1.00000E+00	-1.24847E+04	-2.08355E+03
1.00000E+00	-1.19958E+04	-2.35316E+03
1.00000E+00	-1.40984E+04	-4.35808E+03
1.00000E+00	-1.58226E+04	-6.00523E+03
1.00000E+00	-1.71703E+04	-7.29459E+03
1.00000E+00	-1.81424E+04	-8.22614E+03
1.00000E+00	-7.40468E+03	3.00676E+03
1.00000E+00	-8.37808E+03	1.89677E+03
1.00000E+00	-9.47135E+03	6.32143E+02
1.00000E+00	-1.06797E+04	-7.85158E+02
1.00000E+00	-1.04622E+04	-1.42923E+02
1.00000E+00	-1.15620E+04	-1.39498E+03
1.00000E+00	-1.27763E+04	-2.80069E+03
1.00000E+00	-1.32723E+04	-3.06497E+03
1.00000E+00	-1.44939E+04	-4.45877E+03
1.00000E+00	-1.58338E+04	-5.75938E+03
1.00000E+00	-1.34863E+04	-3.15188E+03
1.00000E+00	-1.44263E+04	-4.12113E+03
1.00000E+00	-1.49821E+04	-4.73357E+03
1.00000E+00	-1.51488E+04	-4.98918E+03
1.00000E+00	-1.49166E+04	-4.88798E+03
1.00000E+00	-1.01659E+04	1.56051E+02
1.00000E+00	-1.08292E+04	-4.27601E+02
1.00000E+00	-1.15998E+04	-1.17479E+03
1.00000E+00	-1.24847E+04	-2.08355E+03
1.00000E+00	-1.17013E+04	-1.44345E+03
1.00000E+00	-1.25029E+04	-2.17412E+03
1.00000E+00	-1.34090E+04	-3.06734E+03
1.00000E+00	-1.30052E+04	-2.81728E+03
1.00000E+00	-1.39430E+04	-3.69465E+03
1.00000E+00	-1.40774E+04	-3.96546E+03
1.00000E+00	-1.71703E+04	-7.29459E+03
1.00000E+00	-1.81424E+04	-8.22614E+03
1.00000E+00	-1.87389E+04	-8.79990E+03
1.00000E+00	-1.89588E+04	-9.01585E+03
1.00000E+00	-1.88004E+04	-8.87399E+03
1.00000E+00	-1.24847E+04	-2.08355E+03
1.00000E+00	-1.34863E+04	-3.15188E+03
1.00000E+00	-1.46037E+04	-4.37782E+03
1.00000E+00	-1.58338E+04	-5.75938E+03
1.00000E+00	-1.44263E+04	-4.12113E+03
1.00000E+00	-1.55562E+04	-5.33352E+03
1.00000E+00	-1.67967E+04	-6.70251E+03
1.00000E+00	-1.61284E+04	-5.93207E+03
1.00000E+00	-1.73820E+04	-7.28817E+03
1.00000E+00	-1.75882E+04	-7.51636E+03
1.00000E+00	-1.89588E+04	-9.01585E+03
1.00000E+00	-1.88004E+04	-8.87399E+03
1.00000E+00	-1.82604E+04	-8.37433E+03
1.00000E+00	-1.73331E+04	-7.51685E+03
1.00000E+00	-1.60084E+04	-6.30157E+03
1.00000E+00	-1.40774E+04	-3.96546E+03
1.00000E+00	-1.51488E+04	-4.98918E+03
1.00000E+00	-1.63175E+04	-6.17347E+03
1.00000E+00	-1.75882E+04	-7.51636E+03
1.00000E+00	-1.49166E+04	-4.88798E+03
1.00000E+00	-1.61183E+04	-6.05773E+03
1.00000E+00	-1.74121E+04	-7.38706E+03
1.00000E+00	-1.55208E+04	-5.58483E+03
1.00000E+00	-1.68483E+04	-6.90029E+03
1.00000E+00	-1.58867E+04	-6.05603E+03
1.00000E+00	-1.13836E+03	7.12697E+03
1.00000E+00	-1.57412E+03	7.24341E+03
1.00000E+00	-1.90662E+03	7.40974E+03
1.00000E+00	-2.15511E+03	7.62474E+03
1.00000E+00	-2.33474E+03	7.87417E+03
1.00000E+00	3.88959E+03	1.39335E+04
1.00000E+00	2.72072E+03	1.24593E+04
1.00000E+00	1.46332E+03	1.08390E+04
1.00000E+00	1.41030E+02	9.05853E+03
1.00000E+00	2.03114E+03	1.22404E+04
1.00000E+00	8.54158E+02	1.07182E+04
1.00000E+00	-3.83816E+02	9.05327E+03
1.00000E+00	3.29789E+02	1.06407E+04
1.00000E+00	-8.14309E+02	9.09332E+03
1.00000E+00	-1.16990E+03	9.17336E+03
1.00000E+00	-2.15511E+03	7.62474E+03
1.00000E+00	-2.33474E+03	7.87417E+03
1.00000E+00	-2.45781E+03	8.14459E+03
1.00000E+00	-2.53469E+03	8.42473E+03
1.00000E+00	-2.57447E+03	8.70526E+03
1.00000E+00	1.77033E+03	1.30325E+04
1.00000E+00	8.59245E+02	1.18788E+04
1.00000E+00	-1.28826E+02	1.05919E+04
1.00000E+00	-1.16990E+03	9.17336E+03
1.00000E+00	3.44484E+02	1.17106E+04
1.00000E+00	-5.35926E+02	1.05583E+04
1.00000E+00	-1.46528E+03	9.27882E+03
1.00000E+00	-9.03219E+02	1.05274E+04
1.00000E+00	-1.71243E+03	9.39660E+03
1.00000E+00	-1.92165E+03	9.51527E+03
1.00000E+00	-2.53469E+03	8.42473E+03
1.00000E+00	-2.57447E+03	8.70526E+03
1.00000E+00	-2.58543E+03	8.97765E+03
1.00000E+00	-2.57539E+03	9.23292E+03
1.00000E+00	-2.55198E+03	9.46041E+03
1.00000E+00	-2.46655E+01	1.20707E+04
1.00000E+00	-6.00655E+02	1.13403E+04
1.00000E+00	-1.24081E+03	1.04878E+04
1.00000E+00	-1.92165E+03	9.51527E+03
1.00000E+00	-1.04969E+03	1.11162E+04
1.00000E+00	-1.55769E+03	1.04291E+04
1.00000E+00	-2.10202E+03	9.62473E+03
1.00000E+00	-1.86197E+03	1.03410E+04
1.00000E+00	-2.26180E+03	9.71556E+03
1.00000E+00	-2.40868E+03	9.77813E+03
1.00000E+00	-2.57539E+03	9.23292E+03
1.00000E+00	-2.55198E+03	9.46041E+03
1.00000E+00	-2.53811E+03	9.57018E+03
1.00000E+00	-2.76124E+03	8.48616E+03
1.00000E+00	-3.41839E+03	7.40519E+03
1.00000E+00	-1.76737E+03	1.07475E+04
1.00000E+00	-1.94006E+03	1.05374E+04
1.00000E+00	-2.16112E+03	1.02136E+04
1.00000E+00	-2.40868E+03	9.77813E+03
1.00000E+00	-2.39446E+03	1.01615E+04
1.00000E+00	-2.46189E+03	1.00363E+04
1.00000E+00	-2.54992E+03	9.80200E+03
1.00000E+00	-2.77313E+03	9.78330E+03
1.00000E+00	-2.69917E+03	9.74115E+03
1.00000E+00	-2.97370E+03	8.87788E+03
1.00000E+00	-2.76124E+03	8.48616E+03
1.00000E+00	-3.41839E+03	7.40519E+03
1.00000E+00	-4.25892E+03	6.35933E+03
1.00000E+00	-5.23706E+03	5.17957E+03
1.00000E+00	-6.34001E+03	3.81961E+03
1.00000E+00	-3.62574E+03	8.72061E+03
1.00000E+00	-3.36909E+03	9.05338E+03
1.00000E+00	-3.14689E+03	9.14919E+03
1.00000E+00	-2.97370E+03	8.87788E+03
1.00000E+00	-4.05841E+03	7.67000E+03
1.00000E+00	-3.82561E+03	7.73018E+03
1.00000E+00	-3.64546E+03	7.63868E+03
1.00000E+00	-4.69295E+03	6.50786E+03
1.00000E+00	-4.50572E+03	6.50113E+03
1.00000E+00	-5.49158E+03	5.24064E+03
1.00000E+00	9.20361E+03	2.04246E+04
1.00000E+00	7.96883E+03	1.94603E+04
1.00000E+00	6.73891E+03	1.84201E+04
1.00000E+00	5.50142E+03	1.72932E+04
1.00000E+00	4.25290E+03	1.60687E+04
1.00000E+00	8.95163E+03	1.99834E+04
1.00000E+00	9.18822E+03	2.03348E+04
1.00000E+00	9.31385E+03	2.05242E+04
1.00000E+00	9.32023E+03	2.05534E+04
1.00000E+00	7.88287E+03	1.91711E+04
1.00000E+00	8.01973E+03	1.94242E+04
1.00000E+00	8.05111E+03	1.95199E+04
1.00000E+00	6.72864E+03	1.82257E+04
1.00000E+00	6.78372E+03	1.83992E+04
1.00000E+00	5.51008E+03	1.71804E+04
1.00000E+00	8.10770E+03	1.91090E+04
1.00000E+00	7.01440E+03	1.83687E+04
1.00000E+00	5.94510E+03	1.75867E+04
1.00000E+00	4.88324E+03	1.67519E+04
1.00000E+00	3.81745E+03	1.58535E+04
1.00000E+00	9.32023E+03	2.05534E+04
1.00000E+00	9.20361E+03	2.04246E+04
1.00000E+00	8.96254E+03	2.01396E+04
1.00000E+00	8.59695E+03	1.97004E+04
1.00000E+00	7.96883E+03	1.94603E+04
1.00000E+00	7.76925E+03	1.92472E+04
1.00000E+00	7.45106E+03	1.88827E+04
1.00000E+00	6.58613E+03	1.82904E+04
1.00000E+00	6.32190E+03	1.80119E+04
1.00000E+00	5.19362E+03	1.70770E+04
1.00000E+00	5.91819E+03	1.64427E+04
1.00000E+00	5.00925E+03	1.59508E+04
1.00000E+00	4.14868E+03	1.54513E+04
1.00000E+00	3.31879E+03	1.49331E+04
1.00000E+00	2.50660E+03	1.43853E+04
1.00000E+00	8.59695E+03	1.97004E+04
1.00000E+00	8.10770E+03	1.91090E+04
1.00000E+00	7.49646E+03	1.83674E+04
1.00000E+00	6.76558E+03	1.74779E+04
1.00000E+00	7.01440E+03	1.83687E+04
1.00000E+00	6.46038E+03	1.77073E+04
1.00000E+00	5.79104E+03	1.69006E+04
1.00000E+00	5.45613E+03	1.70167E+04
1.00000E+00	4.85648E+03	1.63042E+04
1.00000E+00	3.94445E+03	1.56778E+04
1.00000E+00	2.72072E+03	1.24593E+04
1.00000E+00	2.03114E+03	1.22404E+04
1.00000E+00	1.41684E+03	1.20513E+04
1.00000E+00	8.59245E+02	1.18788E+04
1.00000E+00	3.44484E+02	1.17106E+04
1.00000E+00	6.76558E+03	1.74779E+04
1.00000E+00	5.91819E+03	1.64427E+04
1.00000E+00	4.95807E+03	1.52623E+04
1.00000E+00	3.88959E+03	1.39335E+04
1.00000E+00	5.00925E+03	1.59508E+04
1.00000E+00	4.11853E+03	1.48584E+04
1.00000E+00	3.12322E+03	1.36206E+04
1.00000E+00	3.33602E+03	1.44585E+04
1.00000E+00	2.42287E+03	1.33242E+04
1.00000E+00	1.77033E+03	1.30325E+04
1.00000E+00	4.88324E+03	1.67519E+04
1.00000E+00	3.81745E+03	1.58535E+04
1.00000E+00	2.73978E+03	1.48804E+04
1.00000E+00	1.64568E+03	1.38218E+04
1.00000E+00	5.35811E+02	1.26667E+04
1.00000E+00	5.51008E+03	1.71804E+04
1.00000E+00	5.50142E+03	1.72932E+04
1.00000E+00	5.39858E+03	1.72581E+04
1.00000E+00	5.19362E+03	1.70770E+04
1.00000E+00	4.25290E+03	1.60687E+04
1.00000E+00	4.19867E+03	1.61395E+04
1.00000E+00	4.05610E+03	1.60671E+04
1.00000E+00	2.98506E+03	1.49236E+04
1.00000E+00	2.90357E+03	1.49712E+04
1.00000E+00	1.73593E+03	1.37785E+04
1.00000E+00	3.31879E+03	1.49331E+04
1.00000E+00	2.50660E+03	1.43853E+04
1.00000E+00	1.70169E+03	1.37968E+04
1.00000E+00	8.95330E+02	1.31569E+04
1.00000E+00	8.03360E+01	1.24545E+04
1.00000E+00	5.19362E+03	1.70770E+04
1.00000E+00	4.88324E+03	1.67519E+04
1.00000E+00	4.46660E+03	1.62848E+04
1.00000E+00	3.94445E+03	1.56778E+04
1.00000E+00	3.81745E+03	1.58535E+04
1.00000E+00	3.47969E+03	1.55006E+04
1.00000E+00	3.04232E+03	1.50105E+04
1.00000E+00	2.48620E+03	1.46530E+04
1.00000E+00	2.14017E+03	1.42912E+04
1.00000E+00	1.23003E+03	1.35090E+04
1.00000E+00	8.59245E+02	1.18788E+04
1.00000E+00	3.44484E+02	1.17106E+04
1.00000E+00	-1.38855E+02	1.15349E+04
1.00000E+00	-6.00655E+02	1.13403E+04
1.00000E+00	-1.04969E+03	1.11162E+04
1.00000E+00	3.94445E+03	1.56778E+04
1.00000E+00	3.31879E+03	1.49331E+04
1.00000E+00	2.59263E+03	1.40514E+04
1.00000E+00	1.77033E+03	1.30325E+04
1.00000E+00	2.50660E+03	1.43853E+04
1.00000E+00	1.87512E+03	1.36262E+04
1.00000E+00	1.15206E+03	1.27339E+04
1.00000E+00	1.17267E+03	1.31717E+04
1.00000E+00	5.56923E+02	1.24169E+04
1.00000E+00	-2.46655E+01	1.20707E+04
1.00000E+00	8.95330E+02	1.31569E+04
1.00000E+00	8.03360E+01	1.24545E+04
1.00000E+00	-7.48762E+02	1.16788E+04
1.00000E+00	-1.59491E+03	1.08188E+04
1.00000E+00	-2.45633E+03	9.86355E+03
1.00000E+00	1.73593E+03	1.37785E+04
1.00000E+00	1.64568E+03	1.38218E+04
1.00000E+00	1.47943E+03	1.37313E+04
1.00000E+00	1.23003E+03	1.35090E+04
1.00000E+00	5.35811E+02	1.26667E+04
1.00000E+00	4.55553E+02	1.27244E+04
1.00000E+00	3.05941E+02	1.26530E+04
1.00000E+00	-5.84240E+02	1.16214E+04
1.00000E+00	-6.35397E+02	1.17123E+04
1.00000E+00	-1.59246E+03	1.06760E+04
1.00000E+00	-6.00655E+02	1.13403E+04
1.00000E+00	-1.04969E+03	1.11162E+04
1.00000E+00	-1.49382E+03	1.08521E+04
1.00000E+00	-1.94006E+03	1.05374E+04
1.00000E+00	-2.39446E+03	1.01615E+04
1.00000E+00	1.23003E+03	1.35090E+04
1.00000E+00	8.95330E+02	1.31569E+04
1.00000E+00	4.76049E+02	1.26769E+04
1.00000E+00	-2.46655E+01	1.20707E+04
1.00000E+00	8.03360E+01	1.24545E+04
1.00000E+00	-2.22684E+02	1.21310E+04
1.00000E+00	-6.01152E+02	1.16842E+04
1.00000E+00	-9.30217E+02	1.15229E+04
1.00000E+00	-1.17995E+03	1.12467E+04
1.00000E+00	-1.76737E+03	1.07475E+04
1.00000E+00	-1.94006E+03	1.05374E+04
1.00000E+00	-2.39446E+03	1.01615E+04
1.00000E+00	-2.86287E+03	9.70754E+03
1.00000E+00	-3.36909E+03	9.05338E+03
1.00000E+00	-4.05841E+03	7.67000E+03
1.00000E+00	-1.59246E+03	1.06760E+04
1.00000E+00	-1.59491E+03	1.08188E+04
1.00000E+00	-1.65166E+03	1.08420E+04
1.00000E+00	-1.76737E+03	1.07475E+04
1.00000E+00	-2.45633E+03	9.86355E+03
1.00000E+00	-2.38970E+03	1.00771E+04
1.00000E+00	-2.36825E+03	1.01758E+04
1.00000E+00	-3.14248E+03	9.21695E+03
1.00000E+00	-2.98553E+03	9.51839E+03
1.00000E+00	-3.62574E+03	8.72061E+03
