1.00000E+00	-1.50965E+04	-5.09446E+03
1.00000E+00	-2.48323E+04	-1.41816E+04
1.00000E+00	-2.69539E+04	-1.60170E+04
1.00000E+00	-2.16974E+04	-1.06536E+04
1.00000E+00	-9.23924E+03	1.60115E+03
1.00000E+00	-1.20715E+04	-3.67324E+03
1.00000E+00	-1.80709E+04	-8.12083E+03
1.00000E+00	-1.87466E+04	-7.88791E+03
1.00000E+00	-1.50065E+04	-3.88964E+03
1.00000E+00	-6.23206E+03	4.49159E+03
1.00000E-01	3.42610E+03	5.23488E+03
3.00000E-01	8.37250E+03	1.28899E+04
5.00000E-01	1.00735E+04	1.67920E+04
7.00000E-01	8.43208E+03	1.69411E+04
9.00000E-01	3.54527E+03	1.33373E+04
1.00000E+00	-1.03597E+04	-1.62156E+02
1.00000E+00	-1.13021E+04	-9.73037E+02
1.00000E+00	-1.15240E+04	-1.16366E+03
1.00000E+00	-9.74289E+03	6.45719E+02
1.00000E+00	-4.48182E+03	5.83484E+03
1.00000E+00	-5.26863E+03	3.35582E+03
1.00000E+00	-2.91921E+03	7.59587E+03
1.00000E+00	-3.00028E+03	7.57350E+03
1.00000E+00	-4.75184E+03	5.89467E+03
1.00000E+00	-6.67408E+03	3.40498E+03
1.00000E-01	1.05568E+04	1.25045E+04
3.00000E-01	2.47018E+04	2.89666E+04
5.00000E-01	2.83330E+04	3.45259E+04
7.00000E-01	2.16266E+04	2.94898E+04
9.00000E-01	4.81868E+03	1.39112E+04
1.00000E+00	-4.20703E+03	6.58619E+03
1.00000E+00	4.23767E+03	1.59607E+04
1.00000E+00	8.43635E+03	2.07744E+04
1.00000E+00	8.17617E+03	2.04073E+04
1.00000E+00	3.90133E+02	1.08192E+04
1.00000E-01	7.48299E+03	9.00531E+03
3.00000E-01	1.73579E+04	2.10159E+04
5.00000E-01	1.97403E+04	2.50264E+04
7.00000E-01	1.45331E+04	2.10362E+04
9.00000E-01	1.83305E+03	9.04344E+03
1.00000E+00	-7.39204E+03	2.97739E+03
1.00000E+00	-3.76183E+03	6.77729E+03
1.00000E+00	-2.27237E+03	7.92877E+03
1.00000E+00	-2.89416E+03	6.55797E+03
1.00000E+00	-5.40373E+03	2.78967E+03
9.00000E-01	-6.17739E+02	9.04024E+03
7.00000E-01	1.26265E+04	2.10313E+04
5.00000E-01	1.83783E+04	2.50224E+04
3.00000E-01	1.65407E+04	2.10134E+04
1.00000E-01	7.21059E+03	9.00447E+03
