1.00000E+00	-6.52298E+03	3.56747E+03
1.00000E+00	-4.82735E+03	6.02956E+03
1.00000E+00	-3.13850E+03	8.04392E+03
1.00000E+00	-1.69252E+03	9.55757E+03
1.00000E+00	-6.65707E+02	1.02631E+04
1.00000E+00	-7.26803E+03	7.99398E+02
1.00000E+00	-6.86282E+03	2.31533E+03
1.00000E+00	-5.40367E+03	4.53609E+03
1.00000E+00	-3.79844E+03	6.54652E+03
1.00000E+00	-1.42859E+03	8.96423E+03
1.00000E-01	-7.95976E+02	1.01280E+03
3.00000E-01	-1.47902E+03	3.03839E+03
5.00000E-01	-1.65447E+03	5.06398E+03
7.00000E-01	-1.41944E+03	7.08958E+03
9.00000E-01	-6.76808E+02	9.11517E+03
1.00000E+00	-9.60284E+03	1.05304E+03
1.00000E+00	-8.32881E+03	3.06969E+03
1.00000E+00	-6.54718E+03	5.08634E+03
1.00000E+00	-4.35506E+03	7.10299E+03
1.00000E+00	-1.65535E+03	9.11964E+03
1.00000E+00	-7.15484E+03	1.19655E+03
1.00000E+00	-6.44242E+03	3.43552E+03
1.00000E+00	-6.14944E+03	3.66585E+03
1.00000E+00	-6.51921E+03	3.49017E+03
1.00000E+00	-7.05527E+03	2.75073E+03
1.00000E-01	-7.99771E+02	1.14791E+03
3.00000E-01	-1.79679E+03	2.46799E+03
5.00000E-01	-3.21298E+03	2.97994E+03
7.00000E-01	-4.87204E+03	2.99116E+03
9.00000E-01	-6.53788E+03	2.55467E+03
1.00000E+00	-9.60703E+03	1.18619E+03
1.00000E+00	-8.36233E+03	3.36074E+03
1.00000E+00	-6.56365E+03	5.77444E+03
1.00000E+00	-4.42383E+03	7.80730E+03
1.00000E+00	-5.00987E+03	5.41917E+03
1.00000E-01	-1.51701E+03	5.30711E+00
3.00000E-01	-3.64213E+03	1.59157E+01
5.00000E-01	-5.25967E+03	2.64151E+01
7.00000E-01	-6.46686E+03	3.62396E+01
9.00000E-01	-7.16695E+03	4.34388E+01
1.00000E+00	-1.03239E+04	4.55487E+01
1.00000E+00	-1.04919E+04	4.72147E+01
1.00000E+00	-1.01524E+04	4.87715E+01
1.00000E+00	-9.40248E+03	4.96534E+01
1.00000E+00	-8.14549E+03	4.79101E+01
9.00000E-01	-9.61774E+03	4.02416E+01
7.00000E-01	-8.37350E+03	3.12990E+01
5.00000E-01	-6.62166E+03	2.23564E+01
3.00000E-01	-4.45933E+03	1.34139E+01
1.00000E-01	-1.78941E+03	4.47129E+00
